0.2674166666666667
0.33186666666666664
0.3630833333333333
0.37421666666666664
0.38693333333333335
0.39871666666666666
0.41118333333333335
0.42568333333333336
0.43815
0.44966666666666666
0.45991666666666664
0.4688833333333333
0.4754833333333333
0.4834333333333333
0.4900333333333333
0.4967666666666667
0.50325
0.5083166666666666
0.5138
0.5200333333333333
0.5246833333333333
0.5304666666666666
0.5352
0.5406333333333333
0.5454666666666667
0.5494166666666667
0.5537166666666666
0.55735
0.5611333333333334
0.5654333333333333
0.5692833333333334
0.5727333333333333
0.57585
0.5787333333333333
0.5819666666666666
0.5696833333333333
0.5729166666666666
0.5764333333333334
0.57655
0.5854666666666667
0.5929333333333333
0.5933166666666667
0.6036833333333333
0.5912166666666666
0.5923166666666667
0.5914833333333334
0.5946166666666667
0.5955666666666667
0.5973166666666667
0.5979333333333333
0.5959
0.5865333333333334
0.5976833333333333
0.59835
0.5978666666666667
0.6004333333333334
0.5994666666666667
0.6018166666666667
0.60255
0.5784833333333333
0.57685
0.5786
0.5738833333333333
0.5744833333333333
0.57555
0.5771333333333334
0.5758666666666666
0.5737166666666667
0.5765833333333333
0.5892
0.5821
0.5842166666666667
0.5838666666666666
0.6008333333333333
0.6066
0.6109833333333333
0.6066
0.6049666666666667
0.6133166666666666
0.6084666666666667
0.6079333333333333
0.61305
0.6110333333333333
0.61235
0.6145333333333334
0.6144333333333334
0.6137833333333333
0.61615
0.61815
0.6164666666666667
0.6142333333333333
0.6165
0.6151333333333333
0.6118666666666667
0.6117666666666667
0.6153666666666666
0.6151833333333333
0.6158666666666667
0.6148333333333333
0.61515
0.62
0.6203333333333333
0.6161166666666666
0.6151333333333333
0.62025
0.61345
0.6183166666666666
0.57145
0.6099833333333333
0.6223333333333333
0.6171666666666666
0.6121
0.6148
0.6149166666666667
0.6170833333333333
0.60865
0.6151
0.6196166666666667
0.6178333333333333
0.61705
0.6181333333333333
0.61705
0.6175166666666667
0.6181666666666666
0.6198333333333333
0.5922166666666666
0.56705
0.58445
0.5848166666666667
0.6062666666666666
0.6038833333333333
0.6089166666666667
0.5867833333333333
0.6084166666666667
0.6185666666666667
0.6140666666666666
0.62335
0.61935
0.6130166666666667
0.6247333333333334
0.6258833333333333
0.6142833333333333
0.6228
0.59295
0.5724333333333333
0.6298666666666667
0.5894833333333334
0.6311666666666667
0.6255666666666667
0.6238666666666667
0.6162666666666666
0.6181333333333333
0.6235166666666667
0.6225333333333334
0.6183333333333333
0.6241833333333333
0.6267
0.6268333333333334
0.6266
0.62425
0.6204
0.63425
0.57205
0.55975
0.5645333333333333
0.5757166666666667
0.5798666666666666
0.5798833333333333
0.5971
0.5771833333333334
0.5768666666666666
0.5786166666666667
0.5786
0.56885
0.5939833333333333
0.5834166666666667
0.5911666666666666
0.6167833333333334
0.6199
0.61985
0.63065
0.6195
0.6236166666666667
0.6214833333333334
0.62395
0.6228833333333333
0.5928333333333333
0.645
0.62615
0.6274333333333333
0.62795
0.62465
0.6377
0.61815
0.6313166666666666
0.6355333333333333
0.5756333333333333
0.5990333333333333
0.5887333333333333
0.6223333333333333
