-3.45092E-7
-3.33337E-7
-3.23716E-7
-3.19835E-7
-3.0893E-7
-3.06799E-7
-3.03615E-7
-2.98763E-7
-2.93829E-7
-2.86705E-7
-2.82611E-7
-2.78238E-7
-2.71755E-7
-2.6501E-7
-2.61323E-7
-2.57445E-7
-2.54688E-7
-2.47088E-7
-2.43281E-7
-2.398E-7
-2.33023E-7
-2.29484E-7
-2.24257E-7
-2.20783E-7
-2.13177E-7
-2.0986E-7
-2.03815E-7
-2.01058E-7
-1.96286E-7
-1.93872E-7
-1.88565E-7
-1.86353E-7
-1.80464E-7
-1.73569E-7
-1.70994E-7
-1.66338E-7
-1.60333E-7
-1.52842E-7
-1.46611E-7
-1.39957E-7
-1.34573E-7
-1.29697E-7
-1.23133E-7
-1.17697E-7
-1.12598E-7
-1.05481E-7
-1.01897E-7
-9.5758E-8
-9.2403E-8
-8.4944E-8
-8.0418E-8
-7.57669E-8
-6.91708E-8
-6.43998E-8
-5.995E-8
-5.46808E-8
-5.05675E-8
-4.66107E-8
-4.21758E-8
-3.89603E-8
-3.6183E-8
-3.26081E-8
-2.79631E-8
-2.54628E-8
-2.24161E-8
-1.94827E-8