-1.3617E-8
-2.13692E-8
-2.73214E-8
-3.35257E-8
-4.09742E-8
-4.79209E-8
-5.68633E-8
-6.43283E-8
-7.16066E-8
-8.3445E-8
-9.0811E-8
-9.6503E-8
-1.05431E-7
-1.11004E-7
-1.15805E-7
-1.23127E-7
-1.31881E-7
-1.37622E-7
-1.42699E-7
-1.49135E-7
-1.54286E-7
-1.62101E-7
-1.67422E-7
-1.77541E-7
-1.82133E-7
-1.8756E-7
-1.95675E-7
-2.07011E-7
-2.12595E-7
-2.17972E-7
-2.21665E-7
-2.27235E-7
-2.33296E-7
-2.41164E-7
-2.47184E-7
-2.53025E-7
-2.58757E-7
-2.66931E-7
-2.76215E-7
-2.83529E-7
-2.89196E-7
-2.92546E-7
-2.97803E-7
-3.04593E-7
-3.09465E-7
-3.19033E-7
-3.23779E-7
-3.3104E-7
-3.36499E-7
-3.41556E-7