0.47613333333333335
0.5280333333333334
0.5602833333333334
0.54715
0.5756333333333333
0.5833666666666667
0.5921833333333333
0.6296833333333334
0.6378833333333334
0.6440666666666667
0.6436833333333334
0.65675
0.6573333333333333
0.6725833333333333
0.6705666666666666
0.6699666666666667
0.64115
0.6583833333333333
0.6855833333333333
0.6595
0.6829166666666666
0.6498166666666667
0.6993666666666667
0.69895
0.7057833333333333
0.6921
0.7118666666666666
0.6627833333333333
0.70365
0.6955
0.6719
0.6887666666666666
0.7093333333333334
0.697
0.6943666666666667
0.6866333333333333
0.6979833333333333
0.7224833333333334
0.7057166666666667
0.71555
0.6949
0.7131333333333333
0.7139166666666666
0.6873666666666667
0.7065833333333333
0.6804833333333333
0.69475
0.7023666666666667
0.7151333333333333
0.6978666666666666
0.7085333333333333
0.6803833333333333
0.7082333333333334
0.72455
0.6806833333333333
0.6918166666666666
0.68485
0.6866833333333333
0.6925166666666667
0.7014333333333334
0.6898
0.7249333333333333
0.6908666666666666
0.68275
0.701
0.7228
0.7044833333333334
0.6714666666666667
0.74095
0.7135833333333333
0.69235
0.6843166666666667
0.6906666666666667
0.6937166666666666
0.6945166666666667
0.69385
0.6918
0.70985
0.69935
0.6777
0.7080666666666666
0.69255
0.7199166666666666
0.6849166666666666
0.7130166666666666
0.68995
0.7116
0.7513333333333333
0.7141
0.7200333333333333
0.7051333333333333
0.6954833333333333
0.72255
0.7013833333333334
0.75095
0.7365
0.7177
0.7349333333333333
0.7432833333333333
0.7326666666666667
