0.23433333333333334
0.24206666666666668
0.24885
0.2557333333333333
0.26326666666666665
0.2711166666666667
0.27796666666666664
0.28496666666666665
0.29195
0.2983166666666667
0.30465
0.31206666666666666
0.31905
0.32615
0.3326
0.3395
0.3466166666666667
0.3537
0.36011666666666664
0.36738333333333334
0.37435
0.38011666666666666
0.38563333333333333
0.39166666666666666
0.39735
0.40313333333333334
0.40878333333333333
0.41455
0.4196166666666667
0.4254833333333333
0.431
0.43595
0.4406333333333333
0.44595
0.45071666666666665
0.4560666666666667
0.46098333333333336
0.4651666666666667
0.4694
0.4734
0.47758333333333336
0.48133333333333334
0.4854
0.48905
0.49188333333333334
0.4945333333333333
0.4979
0.5010666666666667
0.5037666666666667
0.5069166666666667
0.5097166666666667
0.51255
0.51505
0.5176666666666667
0.5200666666666667
0.5225333333333333
0.5248666666666667
0.5270666666666667
0.52925
0.5313666666666667
0.53355
0.53575
0.53755
0.5393333333333333
0.5409
0.5426166666666666
0.5447333333333333
0.54645
0.5479833333333334
0.5499833333333334
0.55135
0.5528833333333333
0.55455
0.5560833333333334
0.5572833333333334
0.55885
0.5603333333333333
0.5617
0.5629166666666666
0.56395
0.5649
0.5659
0.5669333333333333
0.5683333333333334
0.5696
0.57075
0.5718333333333333
0.573
0.5743333333333334
0.5751666666666667
0.5762
0.5772
0.57825
0.5794833333333334
0.58035
0.5814333333333334
0.5824
0.58335
0.58435
0.5850166666666666
0.5856333333333333
0.58655
0.5872
0.5879166666666666
0.5888
0.5898
0.59075
0.5916166666666667
0.5924833333333334
0.5931166666666666
0.5939666666666666
0.5947833333333333
0.5956166666666667
0.5963333333333334
0.59715
0.5978666666666667
0.5988
0.5993833333333334
0.6003
0.60115
0.6017666666666667
0.6025666666666667
0.6032333333333333
0.6040166666666666
0.6046333333333334
0.6053
0.60615
0.6068333333333333
0.6074833333333334
0.60805
0.6086666666666667
0.6089833333333333
0.60955
0.6102333333333333
0.6107
0.6111166666666666
0.6116833333333334
0.6121
0.6127
0.6131666666666666
0.6138166666666667
0.6142666666666666
0.6147333333333334
0.6154333333333334
0.6159833333333333
0.6164666666666667
0.6168833333333333
0.61745
0.6178333333333333
0.6182833333333333
0.6188
0.61915
0.6195166666666667
0.6199166666666667
0.6203333333333333
0.6207833333333334
0.6210666666666667
0.6215666666666667
0.6219333333333333
0.6223
0.6228166666666667
0.62325
0.6236333333333334
0.6239666666666667
0.6243833333333333
0.6248
0.6253833333333333
0.6259166666666667
0.6263833333333333
0.6266333333333334
0.6269
0.6273333333333333
0.6276333333333334
0.6281
0.6284666666666666
0.6287666666666667
0.6289833333333333
0.6293
0.6298833333333334
0.6303833333333333
0.63075
0.63125
0.6316833333333334
0.6319833333333333
0.6324833333333333
0.63275
0.6331
0.6336
0.6337833333333334
0.6341666666666667
0.6345
0.6350166666666667
0.6355
0.6357666666666667
0.63615
0.6365333333333333
0.6367166666666667
0.6371666666666667
0.6375833333333333
0.6380333333333333
