0.36086666666666667
0.42595
0.44903333333333334
0.4685666666666667
0.4957
0.4844
0.48996666666666666
0.5134
0.5169666666666667
0.5224166666666666
0.5252
0.522
0.5250166666666667
0.5423833333333333
0.54275
0.5521
0.5344833333333333
0.54655
0.5419666666666667
0.5256
0.5547333333333333
0.5396333333333333
0.5523333333333333
0.56945
0.5485
0.5686833333333333
0.5390833333333334
0.5558166666666666
0.5676333333333333
0.5538
0.5727166666666667
0.5841166666666666
0.57705
0.5767833333333333
0.5751666666666667
0.5689166666666666
0.5956833333333333
0.5980833333333333
0.5678166666666666
0.5722166666666667
0.567
0.5689166666666666
0.5613666666666667
0.5740333333333333
0.5667166666666666
0.5710333333333333
0.5511833333333334
0.5624333333333333
0.5983
0.5615
0.58005
0.5825833333333333
0.5644833333333333
0.5595833333333333
0.5884666666666667
0.5660333333333334
0.5747666666666666
0.5826833333333333
0.5682
0.5741
0.58785
0.58135
0.5698666666666666
0.57605
0.5788833333333333
0.5487833333333333
0.57455
0.5437166666666666
0.56075
0.5563
0.5475666666666666
0.5873833333333334
0.6224
0.5650833333333334
0.6202333333333333
0.5911333333333333
0.5994833333333334
0.5672666666666667
0.57255
0.6151666666666666
0.6017166666666667
0.6303166666666666
0.5588166666666666
0.6082
0.56715
0.5808
0.6289
0.5824666666666667
0.5606166666666667
0.5519
0.6043333333333333
0.5479333333333334
0.5639666666666666
0.6008
0.5985166666666667
0.56535
0.5883
0.62655
0.63765
0.5958