4.20042E-8
4.32042E-8
4.45042E-8
4.6161E-8
4.71832E-8
4.83152E-8
4.90673E-8
4.95535E-8
4.98993E-8
5.04353E-8
5.09029E-8
5.13054E-8
5.16334E-8
5.19195E-8
5.22245E-8
5.25174E-8
5.27038E-8
5.29119E-8
5.3079E-8
5.32717E-8
5.34516E-8
5.35454E-8
5.3726E-8
5.3927E-8
5.40921E-8
5.4293E-8
5.4514E-8
5.4607E-8
5.4813E-8
5.4963E-8
5.5143E-8
5.5361E-8
5.5618E-8
5.5841E-8
5.596E-8
5.601E-8
5.609E-8
5.6156E-8
5.6265E-8
5.6342E-8
5.6441E-8
5.6514E-8
5.6707E-8
5.6829E-8
5.6942E-8
5.6963E-8
5.7113E-8
5.7263E-8
5.7347E-8
5.7412E-8
5.7499E-8
5.7579E-8
5.7692E-8
5.7776E-8
5.786E-8