5.7694E-8
5.6355E-8
5.5072E-8
5.3873E-8
5.3051E-8
5.2037E-8
5.1211E-8
5.0493E-8
5.00954E-8
4.9469E-8
4.8879E-8
4.8512E-8
4.8198E-8
4.7798E-8
4.7364E-8
4.7064E-8
4.6752E-8
4.6514E-8
4.6294E-8
4.6004E-8
4.5842E-8
4.5672E-8
4.542E-8
4.5182E-8
4.5002E-8
4.4792E-8
4.4538E-8
4.4388E-8
4.4278E-8
4.4028E-8
4.3759E-8
4.3559E-8
4.3424E-8
4.3284E-8
4.3174E-8
4.3093E-8
4.2997E-8
4.2902E-8
4.2798E-8
4.2688E-8
4.2597E-8
4.2506E-8
4.2413E-8
4.2343E-8
4.2303E-8
4.2271E-8
4.2204E-8
4.2164E-8
4.2101E-8
4.2072E-8
4.2018E-8
4.1985E-8
4.1946E-8
4.1902E-8
4.1865E-8