0.29733333333333334
0.34703333333333336
0.36601666666666666
0.3776
0.38655
0.39421666666666666
0.4002833333333333
0.40903333333333336
0.4151
0.4209833333333333
0.42625
0.43178333333333335
0.4377333333333333
0.44255
0.4467833333333333
0.4515
0.45611666666666667
0.4606
0.466
0.4695666666666667
0.47476666666666667
0.47931666666666667
0.4829833333333333
0.4872166666666667
0.48968333333333336
0.49206666666666665
0.49548333333333333
0.49933333333333335
0.5027833333333334
0.5041833333333333
0.5079333333333333
0.5103833333333333
0.5128
0.5154833333333333
0.5188666666666667
0.5200833333333333
0.5219333333333334
0.5243
0.5261666666666667
0.5296333333333333
0.53045
0.5316166666666666
0.5352166666666667
0.53515
0.5388666666666667
0.5381166666666667
0.5406
0.5402666666666667
0.5422666666666667
0.5443
0.5471166666666667
0.54825
0.5495
0.5504166666666667
0.5514833333333333
0.5503333333333333
0.5551333333333334
0.5562833333333334
0.5577833333333333
0.5556
0.5566166666666666
0.5614166666666667
0.5618833333333333
0.5594833333333333
0.5648333333333333
0.5654666666666667
0.5669
0.56815
0.5701333333333334
0.5727666666666666
0.5722833333333334
0.5724166666666667
0.5514666666666667
0.5753666666666667
0.577
0.5776666666666667
0.5783833333333334
0.5798666666666666
0.5215333333333333
0.5814833333333334
0.5815166666666667
0.58345
0.5835666666666667
0.5822333333333334
0.5849
0.5860333333333333
0.5865333333333334
0.52115
0.5909166666666666
0.5239
0.5905666666666667
0.5410333333333334
0.5814166666666667
0.59155
0.5934666666666667
0.5932166666666666
0.53265
0.5958166666666667
0.5956
0.5948
0.5950333333333333
0.5961
0.5956333333333333
0.5967
0.5975333333333334
0.5986
0.5997166666666667
0.5993833333333334
0.5800666666666666
0.5160833333333333
0.60245
0.6035
0.6022833333333333
0.6035666666666667
0.6031
0.6050166666666666
0.6051333333333333
0.6061666666666666
0.6051
0.5095
0.5092833333333333
0.5632166666666667
0.5092666666666666
0.5215333333333333
0.56115
0.5464
0.5658333333333333
0.6109333333333333
0.6105
0.5105166666666666
0.6111333333333333
0.6116166666666667
0.6117333333333334
0.60015
0.5521333333333334
0.6118333333333333
0.5877666666666667
0.5299666666666667
0.5432833333333333
0.5512833333333333
0.61595
0.6151833333333333
0.6096833333333334
0.6137333333333334
0.6172333333333333
0.6177166666666667
0.6194166666666666
0.6187166666666667
0.6171166666666666
0.6199333333333333
