0.30235
0.4232666666666667
0.48746666666666666
0.5340333333333334
0.5515333333333333
0.5610666666666667
0.5698333333333333
0.57875
0.5872333333333334
0.6013666666666667
0.6216833333333334
0.6324833333333333
0.6401166666666667
0.6447666666666667
0.64975
0.6537
0.6573666666666667
0.6615333333333333
0.6645833333333333
0.6687166666666666
0.6718166666666666
0.6749
0.6780166666666667
0.6809333333333333
0.6834833333333333
0.6859333333333333
0.6880333333333334
0.6904166666666667
0.6925166666666667
0.6945833333333333
0.6970166666666666
0.69895
0.70075
0.70245
0.7042333333333334
0.7056666666666667
0.7074
0.7090166666666666
0.71025
0.71175
0.7132666666666667
0.7144833333333334
0.71575
0.7173
0.7185666666666667
0.71985
0.7210333333333333
0.7223
0.7233
0.7246666666666667
0.7256833333333333
0.7269833333333333
0.7279833333333333
0.7290333333333333
0.7301
0.7307666666666667
0.7317
0.7327333333333333
0.7333166666666666
0.7342333333333333
0.7352
0.73595
0.7367333333333334
0.7375833333333334
0.7384833333333334
0.7392333333333333
0.7403666666666666
0.7410166666666667
0.7417333333333334
0.7425666666666667
0.7431666666666666
0.7441333333333333
0.7451
0.7456333333333334
0.7461666666666666
0.7467166666666667
0.7472833333333333
0.7477666666666667
0.74865
0.7492833333333333
0.7497833333333334
0.7504833333333333
0.7510166666666667
0.7514666666666666
0.7521666666666667
0.7527166666666667
0.7533666666666666
0.7538333333333334
0.7541333333333333
0.7545833333333334
0.7549833333333333
0.7556
0.7563333333333333
0.7567333333333334
0.7573833333333333
0.7578833333333334
0.7586333333333334
0.7589166666666667
0.7594166666666666
0.76
0.39211666666666667
0.44956666666666667
0.5162
0.54955
0.5761833333333334
0.5907833333333333
0.6025666666666667
0.60325
0.6121833333333333
0.6185333333333334
0.6230833333333333
0.6261333333333333
0.62775
0.6300666666666667
0.63155
0.6330833333333333
0.6344166666666666
0.6359666666666667
0.6376
0.63835
0.6391666666666667
0.6405333333333333
0.6416166666666666
0.644
0.6452
0.6466166666666666
0.6475
0.64015
0.6498666666666667
0.6523166666666667
0.6567833333333334
0.66015
0.6610666666666667
0.66225
0.6592
0.6548166666666667
0.6616333333333333
0.6621333333333334
0.66295
0.66315
0.66375
0.6643333333333333
0.6643666666666667
0.6646
0.6646833333333333
0.66465
0.6645166666666666
0.6650333333333334
0.6659833333333334
0.6657666666666666
0.6664333333333333
0.66635
0.66715
0.6668333333333333
0.6672166666666667
0.6678833333333334
0.6683166666666667
0.6684
0.6693666666666667
0.6693666666666667
0.6692833333333333
0.67045
0.6696333333333333
0.66865
0.6688333333333333
0.6697333333333333
0.6700833333333334
0.6706333333333333
0.6715166666666667
0.6713833333333333
0.6714166666666667
0.67205
0.6719333333333334
0.6722166666666667
0.67255
0.67205
0.6726166666666666
0.6724666666666667
0.673
0.6727333333333333
0.6732
0.6689666666666667
0.66625
0.6607666666666666
0.6857
0.6755333333333333
0.6841666666666667
0.6878
0.6888666666666666
0.6838833333333333
0.6819
0.6730333333333334
0.6775
0.6790333333333334
0.6861166666666667
0.6882833333333334
0.69395
0.6942333333333334
0.6919833333333333
0.6850166666666667

