0.17415
0.18075
0.18488333333333334
0.18811666666666665
0.19293333333333335
0.1989
0.20501666666666668
0.21161666666666668
0.21813333333333335
0.22423333333333334
0.2306
0.23681666666666668
0.24248333333333333
0.24801666666666666
0.25393333333333334
0.2589666666666667
0.2638
0.26935
0.27471666666666666
0.27975
0.28525
0.29045
0.2963166666666667
0.30175
0.30685
0.3117666666666667
0.31683333333333336
0.3214
0.32631666666666664
0.33048333333333335
0.3357
0.34091666666666665
0.3455666666666667
0.3498833333333333
0.35381666666666667
0.35775
0.36161666666666664
0.36591666666666667
0.3692166666666667
0.37261666666666665
0.3757
0.3789
0.3816333333333333
0.3847
0.3869666666666667
0.3895
0.39185
0.39403333333333335
0.39586666666666664
0.39786666666666665
0.3999
0.4019333333333333
0.40413333333333334
0.406
0.40771666666666667
0.40958333333333335
0.4116
0.41346666666666665
0.4152
0.4171666666666667
0.4186666666666667
0.42028333333333334
0.4219
0.42291666666666666
0.4242166666666667
0.42568333333333336
0.4269
0.42828333333333335
0.4296
0.43096666666666666
0.4323666666666667
0.4336833333333333
0.4349166666666667
0.4361333333333333
0.4376333333333333
0.43911666666666666
0.44078333333333336
0.44206666666666666
0.44326666666666664
0.44455
0.44555
0.44695
0.44825
0.4496
0.45105
0.4522333333333333
0.45381666666666665
0.45535
0.45658333333333334
0.45771666666666666
0.4592
0.46065
0.46175
0.4631
0.4643
0.46555
0.46678333333333333
0.46813333333333335
0.46936666666666665
0.4705
0.47158333333333335
0.4729833333333333
0.4740333333333333
0.4752166666666667
0.47631666666666667
0.47786666666666666
0.47928333333333334
0.48031666666666667
0.4821
0.48368333333333335
0.48535
0.48701666666666665
0.48896666666666666
0.49115
0.4936833333333333
0.4959
0.49788333333333334
0.50035
0.50275
0.5050666666666667
0.50705
0.5092333333333333
0.5116333333333334
0.5140833333333333
0.5159666666666667
0.5177833333333334
0.51965
0.5212666666666667
0.52295
0.5244
0.5261
0.5277666666666667
0.5292
0.5307166666666666
0.5319333333333334
0.5334333333333333
0.5351
0.53635
0.5373166666666667
0.5383166666666667
0.5397333333333333
0.5407333333333333
0.5418833333333334
0.54285
0.5437333333333333
0.5448666666666667
0.5457
0.54665
0.5474833333333333
0.5483666666666667
0.5494166666666667
0.5504166666666667
0.5513833333333333
0.55215
0.55275
0.5533333333333333
0.5541
0.5548833333333333
0.5553333333333333
0.5562333333333334
0.5569
0.5577
0.55835
0.5591166666666667
0.5598833333333333
0.56055
0.5612333333333334
0.5618666666666666
0.5626
0.5633666666666667
0.56395
0.5645333333333333
0.5652333333333334
0.5658666666666666
0.56645
0.5671666666666667
0.5678166666666666
0.5685333333333333
0.5691166666666667
0.5698333333333333
0.5704166666666667
0.57095
0.5714833333333333
0.5718833333333333
0.5722
0.5727166666666667
0.573
0.5734
0.5738166666666666
0.5743166666666667
0.5747833333333333
0.5750666666666666
0.5754333333333334
0.5759166666666666
0.5762333333333334
0.5766333333333333
0.5770666666666666
0.57755
0.5779
0.5782
