0.4368
0.49415
0.5227
0.5470666666666667
0.5725833333333333
0.58615
0.58995
0.5950333333333333
0.61235
0.6233166666666666
0.6021666666666666
0.58215
0.61975
0.6372166666666667
0.5462
0.5250166666666667
0.51955
0.5993333333333334
0.5931666666666666
0.6008833333333333
0.5807333333333333
0.6102333333333333
0.6041333333333333
0.62975
0.5857
0.6214666666666666
0.53535
0.57715
0.6497333333333334
0.6295333333333333
0.6136
0.6437
0.6251833333333333
0.5998666666666667
0.5366166666666666
0.6436666666666667
0.5254
0.48633333333333334
0.60345
0.6291833333333333
0.5560166666666667
0.5993
0.601
0.5769333333333333
0.5686666666666667
0.6174166666666666
0.59565
0.5844666666666667
0.5953833333333334
0.6112333333333333
0.5400833333333334
0.5832
0.55055
0.56385
0.5898666666666667
0.6297166666666667
0.6305333333333333
0.5822
0.6486666666666666
0.6124
0.5979166666666667
0.5778833333333333
0.63285
0.5391833333333333
0.58735
0.6293666666666666
0.62725
0.5757333333333333
0.6136166666666667
0.6159666666666667
0.54195
0.64025
0.5623166666666667
0.5869
0.5377833333333333
0.61595
0.6083833333333334
0.57865
0.5771333333333334
0.6190333333333333
0.64195
0.59535
0.6268333333333334
0.65495
0.6276333333333334
0.5773333333333334
0.60515
0.6335
0.6053833333333334
0.5726166666666667
0.64135
0.5845833333333333
0.5379
0.5537166666666666
0.4797666666666667
0.6176
0.5915
0.6552166666666667
0.6464333333333333
0.6481166666666667
