0.4547
0.5093
0.51845
0.5609166666666666
0.57195
0.5551166666666667
0.5524666666666667
0.5802333333333334
0.5798666666666666
0.57505
0.6341
0.5754666666666667
0.5314333333333333
0.5489666666666667
0.58175
0.6085666666666667
0.5805166666666667
0.5275833333333333
0.6105166666666667
0.6662833333333333
0.5655833333333333
0.49516666666666664
0.54515
0.67085
0.6431833333333333
0.6483
0.6716333333333333
0.6258
0.7036166666666667
0.5556666666666666
0.68235
0.62075
0.68795
0.6378333333333334
0.6992666666666667
0.6962
0.4981833333333333
0.6561833333333333
0.5679166666666666
0.6809833333333334
0.5873333333333334
0.6597166666666666
0.6797166666666666
0.6241333333333333
0.66695
0.6235833333333334
0.67555
0.7071833333333334
0.46681666666666666
0.7243833333333334
0.7192
0.7041833333333334
0.5785166666666667
0.7255833333333334
0.54155
0.5577166666666666
0.7350333333333333
0.5522
0.60825
0.6831333333333334
0.52725
0.7233166666666667
0.74
0.6449666666666667
0.73095
0.5974
0.7433666666666666
0.7514166666666666
0.7453166666666666
0.6665166666666666
0.7092
0.75145
0.7286166666666667
0.57805
0.7154333333333334
0.6001333333333333
0.7451333333333333
0.6305166666666666
0.7423833333333333
0.74905
0.7345
0.7453
0.5819166666666666
0.6429833333333334
0.6155166666666667
0.7545333333333333
0.7533666666666666
0.7320333333333333
0.7295333333333334
0.75865
0.5234333333333333
0.7098666666666666
0.7455666666666667
0.5941
0.6684333333333333
0.6992166666666667
0.7514666666666666
0.7500166666666667
0.7383166666666666
0.7006333333333333
