0.16058333333333333
0.17036666666666667
0.18016666666666667
0.19031666666666666
0.19991666666666666
0.20913333333333334
0.21813333333333335
0.22735
0.23618333333333333
0.24533333333333332
0.2551333333333333
0.26511666666666667
0.27605
0.2856166666666667
0.2955833333333333
0.30475
0.31306666666666666
0.3207333333333333
0.32811666666666667
0.33475
0.34086666666666665
0.34623333333333334
0.35083333333333333
0.3550833333333333
0.3592
0.36255
0.36596666666666666
0.3689
0.37165
0.3741333333333333
0.3768166666666667
0.3788166666666667
0.3811333333333333
0.38333333333333336
0.385
0.38708333333333333
0.3890166666666667
0.3902333333333333
0.39153333333333334
0.39311666666666667
0.39453333333333335
0.3958833333333333
0.3974666666666667
0.3986
0.4000166666666667
0.40166666666666667
0.40291666666666665
0.40405
0.40575
0.40768333333333334
0.4094333333333333
0.41158333333333336
0.41301666666666664
0.4144833333333333
0.41605
0.41785
0.41963333333333336
0.4216666666666667
0.423
0.4250833333333333
0.42728333333333335
0.429
0.43093333333333333
0.4332166666666667
0.43505
0.43728333333333336
0.4394
0.44145
0.44353333333333333
0.44576666666666664
0.44805
0.44995
0.45245
0.45455
0.4564166666666667
0.4587333333333333
0.46135
0.4641
0.4659333333333333
0.46846666666666664
0.47086666666666666
0.47286666666666666
0.47473333333333334
0.47691666666666666
0.47873333333333334
0.48086666666666666
0.4826166666666667
0.48483333333333334
0.4872166666666667
0.48878333333333335
0.49075
0.4931333333333333
0.4946833333333333
0.4966333333333333
0.49845
0.5003666666666666
0.50225
0.5042166666666666
0.5057166666666667
0.5072833333333333
0.5088166666666667
0.51065
0.5122166666666667
0.5136333333333334
0.5152666666666667
0.51685
0.5183
0.5202166666666667
0.5215
0.5228666666666667
0.5243
0.52555
0.52675
0.52795
0.529
0.53025
0.5316166666666666
0.53305
0.5340833333333334
0.5354
0.5365
0.5374833333333333
0.53855
0.53975
0.5408666666666667
0.5417666666666666
0.5428
0.5439166666666667
0.54485
0.5456
0.5467166666666666
0.54755
0.5484666666666667
0.5493666666666667
0.5504166666666667
0.5511
0.5518166666666666
0.5525333333333333
0.55345
0.5543833333333333
0.5549833333333334
0.5563333333333333
0.5570833333333334
0.5577666666666666
0.5582
0.5589666666666666
0.5595833333333333
0.56005
0.5607666666666666
0.5611666666666667
0.5619333333333333
0.56235
0.5629
0.5634833333333333
0.5639333333333333
0.5646166666666667
0.5650333333333334
0.5656166666666667
0.5661833333333334
0.56665
0.5673
0.5678166666666666
0.5682666666666667
0.5688666666666666
0.5695
0.5701666666666667
0.5706166666666667
0.5712166666666667
0.5718833333333333
0.57215
0.5725833333333333
0.5729666666666666
0.5731833333333334
0.5737333333333333
0.5741333333333334
0.5745666666666667
0.5750833333333333
0.5755
0.5759
0.5763166666666667
0.5767
0.5769833333333333
0.5772833333333334
0.5778333333333333
0.57815
0.5785333333333333
0.5789
0.5792333333333334
0.5797333333333333
0.5802
0.58035
0.5807
0.5811833333333334
0.5810833333333333
0.5816333333333333
0.5818166666666666
0.5819666666666666
0.5822833333333334
0.5826833333333333
0.5830833333333333
