0.28886666666666666
0.3439833333333333
0.37615
0.38806666666666667
0.39791666666666664
0.4046
0.4127166666666667
0.41968333333333335
0.4259
0.4306
0.43548333333333333
0.4396333333333333
0.4432833333333333
0.4473
0.4507833333333333
0.4537333333333333
0.45671666666666666
0.45966666666666667
0.46225
0.46455
0.4669333333333333
0.46895
0.47063333333333335
0.4721166666666667
0.47391666666666665
0.4754333333333333
0.47676666666666667
0.47858333333333336
0.48
0.48155
0.4830833333333333
0.4841666666666667
0.4854833333333333
0.48683333333333334
0.4877166666666667
0.48838333333333334
0.4898666666666667
0.49123333333333336
0.4920333333333333
0.4928666666666667
0.49345
0.49443333333333334
0.49505
0.49623333333333336
0.49701666666666666
0.4973666666666667
0.49848333333333333
0.49953333333333333
0.4997
0.5011333333333333
0.502
0.5021666666666667
0.5029166666666667
0.5045
0.50465
0.5058
0.5058
0.5068666666666667
0.5076333333333334
0.5086333333333334
0.5093666666666666
0.5103
0.5103166666666666
0.5107666666666667
0.5116833333333334
0.5123833333333333
0.51255
0.5132833333333333
0.5141
0.51415
0.5154833333333333
0.5152
0.5165
0.5169833333333334
0.5178
0.5181166666666667
0.5186666666666667
0.5186666666666667
0.5196666666666667
0.5202166666666667
0.5207333333333334
0.5207666666666667
0.5212
0.52225
0.5225833333333333
0.5230833333333333
0.5230666666666667
0.52435
0.52425
0.52425
0.5251166666666667
0.5253
0.5256333333333333
0.5260833333333333
0.5264333333333333
0.5276666666666666
0.5274666666666666
0.5289666666666667
0.53015
0.5303166666666667
0.5302
0.5301666666666667
0.53085
0.53185
0.5323166666666667
0.5332833333333333
0.5338
0.5338666666666667
0.5342833333333333
0.5347666666666666
0.5344833333333333
0.5346166666666666
0.5350166666666667
0.5356166666666666
0.5362833333333333
0.5368166666666667
0.5371333333333334
0.5371666666666667
0.5375
0.5377833333333333
0.5373
0.5381666666666667
0.5387833333333333
0.5389
0.5389
0.53925
0.5387
0.5394
0.5393166666666667
0.53985
0.5394833333333333
0.5395666666666666
0.5396333333333333
0.5397
0.54005
0.5400333333333334
0.5396333333333333
0.5396666666666666
0.5407
0.5409
0.5420833333333334
0.5425166666666666
0.54385
0.5450833333333334
0.5466833333333333
0.5486
0.5504833333333333
0.5526333333333333
0.5543
0.5563
0.5583166666666667
0.5593333333333333
0.5610333333333334
0.5629333333333333
0.5648666666666666
0.5657333333333333
0.5669666666666666
0.5677333333333333
0.5688
0.56895
0.5705666666666667
0.5712166666666667
0.5712
0.5728333333333333
0.5736333333333333
0.5737
0.5749166666666666
0.5754666666666667
0.5757333333333333
0.5766
0.57685
0.57785
0.5779833333333333
0.5784166666666667
0.57875
0.57985
0.5801166666666666
0.5805166666666667
0.5809166666666666
0.5813166666666667
0.5817833333333333
0.5785
0.5828
0.5808833333333333
0.5828666666666666
0.5813
0.5792666666666667
0.5796166666666667
0.5808166666666666
0.5790166666666666
0.5808
0.5771
0.58
0.5770666666666666
0.5799166666666666
0.57975
0.57985
0.57885
0.57875
0.55065
