0.0
0.009999999999999993
0.019999999999999987
0.02999999999999998
0.03999999999999997
0.04999999999999997
0.05999999999999996
0.06999999999999997
0.07999999999999995
0.08999999999999994
0.09999999999999992
0.10999999999999992
0.1199999999999999
0.12999999999999992
0.13999999999999993
0.1499999999999999
0.15999999999999992
0.16999999999999993
0.17999999999999994
0.18999999999999992
0.19999999999999993
0.20999999999999994
0.21999999999999995
0.22999999999999993
0.23999999999999994
0.24999999999999994
0.25999999999999995
0.26999999999999996
0.27999999999999997
0.29
0.29999999999999993
0.30999999999999994
0.31999999999999995
0.32999999999999996
0.33999999999999997
0.35
0.36
0.37
0.37999999999999995
0.38999999999999996
0.39999999999999997
0.41
0.42
0.43
0.44
0.45
0.45999999999999996
0.47
0.48
0.49
0.5
0.51
0.52
0.53
0.54
0.55
0.56
0.5700000000000001
0.5800000000000001
0.59
0.6
0.61
0.62
0.63
0.64
0.65
0.66
0.67
0.68
0.6900000000000001
0.7000000000000001
0.7100000000000001
0.7200000000000001
0.7300000000000001
0.7400000000000001
0.75
0.76
0.77
0.78
0.79
0.8
0.81
0.8200000000000001
0.8300000000000001
0.8400000000000001
0.8500000000000001
0.8600000000000001
0.8700000000000001
0.8800000000000001
0.8900000000000001
0.9000000000000001
0.9100000000000001
0.92
0.93
0.9400000000000001
0.9500000000000001
0.9600000000000001
0.9700000000000001
0.9800000000000001
0.9900000000000001
1.0
1.0
0.9900000000000001
0.9800000000000001
0.9700000000000001
0.9600000000000001
0.9500000000000001
0.9400000000000001
0.93
0.92
0.9100000000000001
0.9000000000000001
0.8900000000000001
0.8800000000000001
0.8700000000000001
0.8600000000000001
0.8500000000000001
0.8400000000000001
0.8300000000000001
0.8200000000000001
0.81
0.8
0.79
0.78
0.77
0.76
0.75
0.7400000000000001
0.7300000000000001
0.7200000000000001
0.7100000000000001
0.7000000000000001
0.6900000000000001
0.68
0.67
0.66
0.65
0.64
0.63
0.62
0.61
0.6
0.59
0.5800000000000001
0.5700000000000001
0.56
0.55
0.54
0.53
0.52
0.51
0.5
0.49
0.48
0.47
0.45999999999999996
0.45
0.44
0.43
0.42
0.41
0.39999999999999997
0.38999999999999996
0.37999999999999995
0.37
0.36
0.35
0.33999999999999997
0.32999999999999996
0.31999999999999995
0.30999999999999994
0.29999999999999993
0.29
0.27999999999999997
0.26999999999999996
0.25999999999999995
0.24999999999999994
0.2399999999999999
0.2299999999999999
0.21999999999999992
0.2099999999999999
0.1999999999999999
0.1899999999999999
0.1799999999999999
0.1699999999999999
0.1599999999999999
0.14999999999999988
0.1399999999999999
0.1299999999999999
0.1199999999999999
0.10999999999999992
0.09999999999999992
0.08999999999999994
0.07999999999999995
0.06999999999999997
0.05999999999999997
0.04999999999999997
0.03999999999999998
0.02999999999999998
0.019999999999999987
0.009999999999999993
0.0
