0.0
0.02156003049245003
0.04248280301232861
0.06280516732211099
0.08256085254441695
0.10178081098110009
0.12049351573398774
0.13872521939620577
0.15650017978060665
0.17384085760981388
0.19076809025358557
0.2073012449200152
0.22345835415411097
0.23925623604471033
0.25471060116842437
0.26983614799165845
0.28464664819635976
0.2991550231822146
0.31337341281976105
0.3273132373790744
0.34098525343230274
0.354399604421336
0.36756586649099576
0.3804930901106594
0.3931898379409894
0.4056642193456241
0.4179239218988185
0.42997624019786984
0.4418281022527032
0.45348609369337634
0.46495648000877343
0.4762452270058054
0.4873580196575058
0.49830027949009253
0.5090771806429895
0.5196936647216647
0.530154454550691
0.5404640669234325
0.5506268244350389
0.5606468664768061
0.5705281594623082
0.5802745063488999
0.589889555512123
0.5993768090251378
0.6087396303904657
0.6179812517669944
0.6271047807313174
0.6361132066089928
0.6450094064081683
0.6537961503851998
0.6624761072693431
0.6710518491713006
0.6795258561983242
0.6879005207967006
0.6961781518407325
0.7043609784857872
0.7124511538015774
0.7204507582005599
0.7283618026751729
0.7361862318565745
0.7439259269065738
0.7515827082535619
0.7591583381824433
0.7666545232878244
0.7740729167990408
0.7814151207849815
0.7886826882460969
0.795877125100452
0.8029998920702083
0.8100524064744657
0.8170360439339964
0.8239521399930152
0.8308019916627932
0.8375868588915922
0.8443079659651037
0.8509665028413013
0.8575636264233623
0.8641004617740757
0.8705781032749376
0.8769976157329322
0.8833600354378097
0.8896663711724939
0.8959176051790955
0.9021146940828502
0.908258569776166
0.9143501402648286
0.9203902904782935
0.9263798830458797
0.9323197590405755
0.9382107386920628
0.944053622070479
0.9498491897423459
0.9555982034000168
0.9613014064659121
0.9669595246727501
0.9725732666209058
0.9781433243139736
0.9836703736735498
0.9891550750341943
0.9945980736194812
1.0
1.0
0.97843996950755
0.9575171969876713
0.9371948326778891
0.9174391474555832
0.8982191890189001
0.8795064842660124
0.8612747806037943
0.8434998202193934
0.8261591423901863
0.8092319097464147
0.792698755079985
0.7765416458458891
0.7607437639552898
0.7452893988315757
0.7301638520083417
0.7153533518036405
0.7008449768177856
0.6866265871802392
0.6726867626209259
0.6590147465676974
0.6456003955786642
0.6324341335090045
0.6195069098893408
0.6068101620590108
0.5943357806543761
0.5820760781011818
0.5700237598021305
0.558171897747297
0.546513906306624
0.5350435199912269
0.5237547729941948
0.5126419803424944
0.5016997205099076
0.4909228193570107
0.48030633527833544
0.4698455454493091
0.4595359330765676
0.4493731755649611
0.43935313352319405
0.429471840537692
0.4197254936511003
0.41011044448787737
0.4006231909748626
0.3912603696095348
0.38201874823300624
0.37289521926868313
0.3638867933910076
0.3549905935918321
0.3462038496148006
0.3375238927306571
0.32894815082869966
0.3204741438016762
0.3120994792032997
0.3038218481592678
0.29563902151421306
0.28754884619842264
0.27954924179944013
0.27163819732482714
0.26381376814342544
0.25607407309342634
0.2484172917464382
0.24084166181755678
0.23334547671217573
0.22592708320095942
0.2185848792150186
0.21131731175390328
0.2041228748995482
0.19700010792979192
0.1899475935255344
0.18296395606600374
0.176047860006985
0.16919800833720686
0.16241314110840782
0.1556920340348964
0.14903349715869899
0.14243637357663783
0.1358995382259245
0.12942189672506269
0.12300238426706804
0.11663996456219052
0.11033362882750625
0.10408239482090474
0.09788530591715006
0.09174143022383431
0.0856498597351718
0.079609709521707
0.07362011695412078
0.06768024095942492
0.061789261307937486
0.05594637792952135
0.05015081025765429
0.044401796599983445
0.03869859353408808
0.03304047532724995
0.02742673337909445
0.021856675686026575
0.016329626326450235
0.010844924965805684
0.0054019263805187056
0.0
