0.0
0.018144677839285347
0.03593003141063118
0.05337008324570199
0.07047804822420775
0.08726639456910282
0.10374689918032154
0.11993069792703985
0.1358283314405664
0.1514497868830775
0.16680453610979937
0.18190157059248446
0.1967494334289399
0.21135624872595699
0.22572974861043044
0.23987729809505035
0.25380591800010815
0.2675223061111883
0.28103285673339506
0.2943436787859338
0.307460612566025
0.32038924529801055
0.3331349255719009
0.34570277676531314
0.35809770953359515
0.37032443344478666
0.3823874678288044
0.3942911519037517
0.4060396542364504
0.41763698158909546
0.4290869871992693
0.44039337853636085
0.4515597245736656
0.46258946261204426
0.4734859046879519
0.4842522435958807
0.4948915585527543
0.5054068205295404
0.5158008972732936
0.5260765580409676
0.5362364780646451
0.5462832427662768
0.5562193517386257
0.5660472225078174
0.5757691940917347
0.5853875303674136
0.5949044232596266
0.6043219957619345
0.613642304800672
0.6228673439515685
0.6319990460180237
0.6410392854794082
0.6499898808171852
0.6588525967260982
0.6676291462171826
0.6763211926188923
0.6849303514822132
0.6934581923952432
0.7019062407123581
0.7102759792027433
0.7185688496227693
0.7267862542163943
0.7349295571475143
0.7430000858679369
0.7509991324244187
0.7589279547079991
0.7667877776486636
0.774579794358182
0.7823051672238015
0.7899650289553071
0.7975604835878203
0.8050926074425611
0.8125624500476737
0.8199710350210921
0.8273193609173088
0.8346084020398062
0.8418391092208066
0.8490124105699095
0.8561292121930933
0.8631903988834799
0.8701968347851822
0.8771493640314865
0.8840488113585496
0.8908959826957316
0.897691665733624
0.9044366304707768
0.9111316297400782
0.917777399715687
0.9243746604013766
0.9309241161011018
0.9374264558725593
0.9438823539644755
0.9502924702383181
0.9566574505750906
0.9629779272678417
0.9692545194004866
0.9754878332135072
0.9816784624570778
0.9878269887321268
0.9939339818198297
1.0
1.0
0.9818553221607147
0.9640699685893687
0.9466299167542979
0.9295219517757921
0.9127336054308973
0.8962531008196785
0.8800693020729601
0.8641716685594336
0.8485502131169225
0.8331954638902005
0.8180984294075154
0.8032505665710601
0.7886437512740431
0.7742702513895696
0.7601227019049497
0.746194081999892
0.7324776938888117
0.7189671432666049
0.7056563212140662
0.6925393874339748
0.6796107547019894
0.6668650744280991
0.6542972232346869
0.6419022904664049
0.6296755665552134
0.6176125321711956
0.6057088480962484
0.5939603457635497
0.5823630184109047
0.5709130128007308
0.5596066214636393
0.5484402754263343
0.5374105373879557
0.5265140953120482
0.5157477564041195
0.505108441447246
0.4945931794704596
0.4841991027267066
0.47392344195903235
0.46376352193535497
0.45371675723372323
0.4437806482613746
0.4339527774921828
0.4242308059082654
0.4146124696325865
0.4050955767403736
0.39567800423806565
0.3863576951993282
0.3771326560484315
0.3680009539819763
0.35896071452059175
0.3500101191828148
0.34114740327390186
0.3323708537828175
0.3236788073811077
0.3150696485177869
0.30654180760475674
0.298093759287642
0.2897240207972567
0.28143115037723054
0.2732137457836057
0.2650704428524856
0.256999914132063
0.24900086757558126
0.24107204529200071
0.2332122223513363
0.22542020564181794
0.2176948327761985
0.2100349710446928
0.2024395164121796
0.19490739255743877
0.18743754995232603
0.18002896497890758
0.17268063908269085
0.16539159796019356
0.15816089077919326
0.15098758943009025
0.1438707878069063
0.13680960111651969
0.1298031652148175
0.12285063596851323
0.1159511886414502
0.1091040173042681
0.10230833426637571
0.0955633695292228
0.08886837025992152
0.08222260028431275
0.07562533959862308
0.06907588389889785
0.06257354412744046
0.056117646035524174
0.049707529761681725
0.04334254942490928
0.037022072732158025
0.03074548059951323
0.02451216678649259
0.01832153754292199
0.012173011267873067
0.006066018180170124
0.0
