0.0
0.014391226560899126
0.028639243775514626
0.042746880686001285
0.05671688319043172
0.0705519172731293
0.08425457207948137
0.09782736284413894
0.11127273368091882
0.12459306024217888
0.13779065225493223
0.150867755940498
0.163826556324053
0.17666917944004598
0.18939769443906304
0.20201411560138555
0.21452040426215896
0.22691847065279191
0.23921017566292468
0.25139733252704594
0.26348170843959534
0.2754650261021621
0.287348965206179
0.2991351638543148
0.3108252199235838
0.3224206923730178
0.33392310249858725
0.3453339351379054
0.3566546398271101
0.36788663191218385
0.3790312936168506
0.3900899750690705
0.4010639952880453
0.4119546431335447
0.4227631782192672
0.4334908317918599
0.44413880757713575
0.45470828259494706
0.46520040794409867
0.4756163095586152
0.4859570889366067
0.49622382384291747
0.506417568986682
0.5165393566748556
0.5265901974427372
0.5365710806624472
0.5464829751302829
0.5563268296338226
0.5661035734996134
0.5758141171222333
0.5854593524754853
0.5950401536064414
0.6045573771130227
0.6140118626057722
0.6234044331544413
0.6327358957199875
0.6420070415725517
0.6512186466959582
0.6603714721792533
0.6694662645957825
0.6785037563702749
0.6874846661343906
0.6964096990711613
0.7052795472487416
0.7140948899438618
0.7228563939553665
0.7315647139081973
0.7402204925481715
0.7488243610278842
0.7573769391840578
0.7658788358066412
0.774330648899952
0.7827329659361437
0.7910863641012659
0.7993914105341767
0.8076486625585542
0.8158586679082458
0.8240219649461844
0.8321390828770878
0.8402105419541566
0.8482368536799673
0.8562185210017612
0.86415603850131
0.8720498925795422
0.8799005616361009
0.8877085162439989
0.895474219319533
0.9031981262876081
0.9108806852426223
0.9185223371050524
0.9261235157738792
0.9336846482749843
0.9412061549056445
0.9486884493752463
0.9561319389423405
0.9635370245481486
0.9709041009466314
0.9782335568312258
0.9855257749583515
0.9927811322677854
1.0
1.0
0.9856087734391008
0.9713607562244854
0.9572531193139988
0.9432831168095683
0.9294480827268709
0.9157454279205186
0.9021726371558612
0.8887272663190812
0.8754069397578212
0.8622093477450676
0.849132244059502
0.836173443675947
0.8233308205599541
0.8106023055609372
0.7979858843986145
0.7854795957378413
0.7730815293472084
0.7607898243370754
0.7486026674729543
0.7365182915604048
0.7245349738978382
0.7126510347938212
0.7008648361456852
0.6891747800764161
0.677579307626982
0.6660768975014126
0.6546660648620946
0.6433453601728899
0.6321133680878162
0.6209687063831495
0.6099100249309296
0.5989360047119549
0.5880453568664555
0.577236821780733
0.5665091682081402
0.5558611924228644
0.545291717405053
0.5347995920559013
0.5243836904413849
0.5140429110633934
0.5037761761570825
0.49358243101331806
0.4834606433251444
0.47340980255726284
0.4634289193375528
0.4535170248697172
0.44367317036617737
0.4338964265003865
0.42418588287776665
0.41454064752451447
0.4049598463935585
0.3954426228869771
0.3859881373942275
0.37659556684555845
0.36726410428001227
0.3579929584274479
0.34878135330404153
0.33962852782074643
0.33053373540421715
0.32149624362972473
0.3125153338656091
0.3035903009288382
0.294720452751258
0.28590511005613783
0.27714360604463334
0.2684352860918025
0.25977950745182843
0.25117563897211576
0.24262306081594218
0.23412116419335882
0.225669351100048
0.21726703406385622
0.2089136358987339
0.20060858946582313
0.19235133744144572
0.18414133209175404
0.17597803505381557
0.16786091712291207
0.15978945804584338
0.15176314632003257
0.1437814789982387
0.13584396149868988
0.12795010742045765
0.12009943836389907
0.11229148375600106
0.10452578068046692
0.09680187371239166
0.08911931475737746
0.08147766289494751
0.0738764842261207
0.06631535172501543
0.058793845094355285
0.05131155062475353
0.04386806105765939
0.03646297545185134
0.029095899053368603
0.021766443168774227
0.014474225041648544
0.007218867732214565
0.0
