0.29796666666666666
0.3380166666666667
0.37696666666666667
0.41928333333333334
0.4416
0.4816
0.4931333333333333
0.5083666666666666
0.53045
0.53425
0.5399166666666667
0.5471166666666667
0.557
0.5564
0.5560333333333334
0.5527833333333333
0.5754166666666667
0.5902333333333334
0.5674833333333333
0.5675833333333333
0.5783333333333334
0.5621666666666667
0.5800833333333333
0.56935
0.5911
0.57335
0.5906
0.5999666666666666
0.5864666666666667
0.6014166666666667
0.60595
0.6060833333333333
0.6074833333333334
0.5934666666666667
0.6093166666666666
0.6034666666666667
0.5679
0.6128833333333333
0.597
0.5881
0.60785
0.59275
0.6055833333333334
0.54585
0.6266333333333334
0.59055
0.6092
0.5851
0.6298333333333334
0.6432833333333333
0.5689166666666666
0.6235166666666667
0.6101666666666666
0.60715
0.614
0.5935166666666667
0.5806166666666667
0.6335666666666666
0.58455
0.61015
0.5990666666666666
0.5399
0.5596833333333333
0.5854333333333334
0.5950166666666666
0.6429833333333334
0.5589
0.6159666666666667
0.6143833333333333
0.5868166666666667
0.6240666666666667
0.6292833333333333
0.6411333333333333
0.59445
0.6146333333333334
0.6358333333333334
0.58255
0.5937833333333333
0.6034
0.5876166666666667
0.6240333333333333
0.58555
0.6130333333333333
0.5800833333333333
0.5992166666666666
0.6100666666666666
0.58085
0.5580166666666667
0.6157
0.5673833333333334
0.6136833333333334
0.5581166666666667
0.60435
0.5939166666666666
0.6333833333333333
0.5920333333333333
0.5514
0.6157666666666667
0.6386
0.5839333333333333
