0.29773333333333335
0.3469833333333333
0.37911666666666666
0.40073333333333333
0.42628333333333335
0.4358
0.44743333333333335
0.4572833333333333
0.46185
0.4639666666666667
0.4674333333333333
0.4670166666666667
0.4727166666666667
0.47328333333333333
0.4844
0.48995
0.4811
0.44401666666666667
0.44726666666666665
0.44
0.498
0.45305
0.4709
0.5035833333333334
0.47875
0.4361333333333333
0.44821666666666665
0.5103166666666666
0.51925
0.4787
0.4969166666666667
0.5161166666666667
0.47995
0.4882166666666667
0.5266
0.5115333333333333
0.48451666666666665
0.5003666666666666
0.5087666666666667
0.5178333333333334
0.442
0.5294333333333333
0.4940333333333333
0.5159833333333333
0.48741666666666666
0.5317333333333333
0.521
0.454
0.4635
0.5282833333333333
0.49488333333333334
0.4972666666666667
0.48055
0.4957666666666667
0.56825
0.49225
0.5336666666666666
0.47415
0.4718333333333333
0.5105833333333333
0.48956666666666665
0.5215833333333333
0.44638333333333335
0.5656666666666667
0.5351666666666667
0.4832
0.5624833333333333
0.5425166666666666
0.5115833333333333
0.5092166666666667
0.53825
0.5315333333333333
0.5039166666666667
0.5013666666666666
0.55995
0.46226666666666666
0.5346833333333333
0.5031333333333333
0.46745
0.51315
0.5412333333333333
0.5396
0.5398666666666667
0.5407666666666666
0.5401666666666667
0.49161666666666665
0.5294333333333333
0.493
0.54065
0.5422333333333333
0.5118
0.5049833333333333
0.5342166666666667
0.5252666666666667
0.5111166666666667
0.53525
0.5554833333333333
0.5264166666666666
0.5869666666666666
0.5659666666666666
