0.33143333333333336
0.2614666666666667
0.34385
0.3185
0.3315
0.32865
0.31595
0.36256666666666665
0.3581
0.35136666666666666
0.37051666666666666
0.37433333333333335
0.37111666666666665
0.35863333333333336
0.3505666666666667
0.3582
0.4197666666666667
0.3624833333333333
0.4037
0.44561666666666666
0.4081
0.42236666666666667
0.3920166666666667
0.36101666666666665
0.4146666666666667
0.38256666666666667
0.4157666666666667
0.39845
0.376
0.3695
0.36178333333333335
0.4206166666666667
0.46271666666666667
0.42948333333333333
0.43148333333333333
0.4469166666666667
0.40515
0.41283333333333333
0.40705
0.43951666666666667
0.415
0.4007833333333333
0.38145
0.4501833333333333
0.4223
0.40085
0.3903333333333333
0.47383333333333333
0.3381166666666667
0.39066666666666666
0.42856666666666665
0.4929
0.3779166666666667
0.41336666666666666
0.46921666666666667
0.38893333333333335
0.47785
0.4710666666666667
0.511
0.41983333333333334
0.5101166666666667
0.49015
0.4136666666666667
0.4137166666666667
0.4354
0.49155
0.46148333333333336
0.49005
0.49916666666666665
0.43523333333333336
0.4262166666666667
0.45365
0.4653833333333333
0.43098333333333333
0.46926666666666667
0.43135
0.42001666666666665
0.4514666666666667
0.4805
0.4514166666666667
0.4048833333333333
0.43903333333333333
0.5080666666666667
0.45735
0.4143
0.42113333333333336
0.5003666666666666
0.5281666666666667
0.4981833333333333
0.4975
0.4387666666666667
0.4449666666666667
0.42956666666666665
0.4465
0.45016666666666666
0.4267
0.479
0.46546666666666664
0.5195166666666666
0.46041666666666664
