0.10406666666666667
0.10953333333333333
0.1174
0.12618333333333334
0.13401666666666667
0.142
0.14965
0.15733333333333333
0.16561666666666666
0.17301666666666668
0.18038333333333334
0.18726666666666666
0.19453333333333334
0.20171666666666666
0.20808333333333334
0.21523333333333333
0.22138333333333332
0.22726666666666667
0.2331
0.23878333333333332
0.24436666666666668
0.24991666666666668
0.2549166666666667
0.2602333333333333
0.2658333333333333
0.27091666666666664
0.27595
0.28065
0.28526666666666667
0.28936666666666666
0.29391666666666666
0.29811666666666664
0.30196666666666666
0.3055
0.30933333333333335
0.3130833333333333
0.31616666666666665
0.3197333333333333
0.32306666666666667
0.3258666666666667
0.32895
0.3313333333333333
0.3341166666666667
0.33676666666666666
0.3398333333333333
0.34213333333333334
0.345
0.34875
0.3509833333333333
0.3532666666666667
0.3564833333333333
0.35831666666666667
0.3605
0.36288333333333334
0.36478333333333335
0.36656666666666665
0.36838333333333334
0.3702
0.37198333333333333
0.37351666666666666
0.37533333333333335
0.37735
0.3793
0.38088333333333335
0.38251666666666667
0.38416666666666666
0.38565
0.3874666666666667
0.3891833333333333
0.39155
0.39298333333333335
0.39425
0.39586666666666664
0.3975166666666667
0.3991
0.4004333333333333
0.40181666666666666
0.4033833333333333
0.4048333333333333
0.4065
0.4079
0.40913333333333335
0.4110666666666667
0.4122166666666667
0.41336666666666666
0.415
0.4165
0.41781666666666667
0.41888333333333333
0.41975
0.421
0.4222666666666667
0.4232
0.4242166666666667
0.42511666666666664
0.42618333333333336
0.4275333333333333
0.4283666666666667
0.4292166666666667
0.4301
0.43091666666666667
0.43195
0.4326833333333333
0.43356666666666666
0.43405
0.43493333333333334
0.43596666666666667
0.43648333333333333
0.43743333333333334
0.4383666666666667
0.43901666666666667
0.43971666666666664
0.44026666666666664
0.44088333333333335
0.44171666666666665
0.44248333333333334
0.44301666666666667
0.44371666666666665
0.4439
0.44455
0.4451333333333333
0.44576666666666664
0.44621666666666665
0.4467
0.44748333333333334
0.44788333333333336
0.44826666666666665
0.4486833333333333
0.4492
0.45035
0.45098333333333335
0.4513333333333333
0.45205
0.4525666666666667
0.4532833333333333
0.45388333333333336
0.4544166666666667
0.45493333333333336
0.45561666666666667
0.45618333333333333
0.4567833333333333
0.45781666666666665
0.45848333333333335
0.45766666666666667
0.45816666666666667
0.45858333333333334
0.4590166666666667
0.4595666666666667
0.45966666666666667
0.4603333333333333
0.4606
0.46095
0.4615166666666667
0.46263333333333334
0.4644
0.46746666666666664
0.46865
0.46965
0.4704
0.46586666666666665
0.4719833333333333
0.47273333333333334
0.4735333333333333
0.47465
0.4754333333333333
0.47651666666666664
0.4773833333333333
0.4779833333333333
0.4784
0.4791
0.47985
0.4805333333333333
0.48105
0.4814833333333333
0.48241666666666666
0.48301666666666665
0.4839333333333333
0.4841666666666667
0.48483333333333334
0.48536666666666667
0.48595
0.4868
0.48751666666666665
0.4881666666666667
0.48868333333333336
0.4897
0.49043333333333333
0.4912666666666667
0.49188333333333334
0.49178333333333335
0.49305
0.49385
0.49388333333333334
0.4945
0.4950333333333333
0.49621666666666664
0.4959
0.4966333333333333
0.4979166666666667
0.4981833333333333
