0.38608333333333333
0.42556666666666665
0.45398333333333335
0.48355
0.4706666666666667
0.5384166666666667
0.5720333333333333
0.5108833333333334
0.5691833333333334
0.48005
0.5875
0.4861666666666667
0.4986333333333333
0.6003333333333334
0.6109166666666667
0.5933166666666667
0.5384666666666666
0.5637666666666666
0.5439333333333334
0.5681833333333334
0.5992833333333333
0.57015
0.6013
0.5971833333333333
0.6344666666666666
0.5871333333333333
0.6083833333333334
0.5664333333333333
0.54625
0.5778166666666666
0.5879833333333333
0.5075666666666667
0.54665
0.5625333333333333
0.5972
0.5240333333333334
0.5685666666666667
0.5740333333333333
0.5138
0.6107
0.5856166666666667
0.6393166666666666
0.52905
0.5906333333333333
0.5946166666666667
0.547
0.5629833333333333
0.6903166666666667
0.6586
0.5767166666666667
0.5758666666666666
0.6418166666666667
0.5803
0.6009333333333333
0.5466833333333333
0.6111166666666666
0.49483333333333335
0.6030833333333333
0.5556833333333333
0.6116
0.622
0.6332
0.6019666666666666
0.4874833333333333
0.6145
0.5725833333333333
0.5160166666666667
0.5992666666666666
0.5723333333333334
0.5923333333333334
0.5951
0.5563833333333333
0.5546166666666666
0.64955
0.5863166666666667
0.5983333333333334
0.60585
0.56155
0.6692
0.6197333333333334
0.64775
0.5367166666666666
0.6471166666666667
0.6735666666666666
0.6197666666666667
0.6006166666666667
0.6105666666666667
0.6020833333333333
0.6344166666666666
0.5607333333333333
0.6225166666666667
0.5881833333333333
0.5350833333333334
0.5687
0.5910666666666666
0.6043666666666667
0.59935
0.6276166666666667
0.5853166666666667
0.54685
