0.4
1.3
2.1
3.1
4.1
5.1
6.1
6.3
7.4
8.6
9.8
11.1
12.3
13.6
15
16.3
17.8
19.2
20.6
22.2
23.7
25.3
26.9
28.5
30.2
31.9
33.6
35.3
37.1
38.8
40.6
42.4
44.2
46.1
48
49.9
51.8
53.7
55.6
57.6
59.6
61.7
63.8
65.9
68.1
70.3
72.5
74.8
77.1
79.5
81.9
84.2
86.5
88.8
91.2
93.7
96.2
98.8
101.3
104
106.5
109.3
112
114.9
117.8
120.6
123.4
126.2
129
131.9
134.8
137.6
140.5
143.5
146.3
149.1
152
155
157.8
160.7
163.6
166.5
169.5
172.4
175.3
178.2
181.1
183.9
186.8
189.8
192.8
195.9
199
202.4
206.3
210.8
216.3
223.3
232
242.9