0.30985
0.3342
0.3542666666666667
0.3696
0.3823166666666667
0.39375
0.4066
0.4158833333333333
0.42728333333333335
0.4394166666666667
0.4454166666666667
0.4567
0.46655
0.47665
0.48628333333333335
0.49995
0.5095333333333333
0.5173166666666666
0.5238833333333334
0.5297833333333334
0.5333833333333333
0.5367666666666666
0.54675
0.5475333333333333
0.5508666666666666
0.5607666666666666
0.5646666666666667
0.5668666666666666
0.5704833333333333
0.5738166666666666
0.5794833333333334
0.5798166666666666
0.5841666666666666
0.5806166666666667
0.5873666666666667
0.5926166666666667
0.59135
0.5930833333333333
0.5983
0.6018166666666667
0.60345
0.5958
0.5526166666666666
0.6036666666666667
0.5366666666666666
0.6111166666666666
0.5979833333333333
0.5647666666666666
0.53405
0.5426166666666666
0.5443333333333333
0.5422166666666667
0.6204166666666666
0.6221833333333333
0.61805
0.6259333333333333
0.5561
0.5381333333333334
0.5554333333333333
0.5977666666666667
0.55615
0.5558166666666666
0.5527333333333333
0.5479
0.5526666666666666
0.5780166666666666
0.6179833333333333
0.5756
0.5415833333333333
0.6363
0.6360666666666667
0.6270166666666667
0.6384
0.6211333333333333
0.5379
0.5599166666666666
0.5654
0.54
0.6193333333333333
0.5886666666666667
0.6075166666666667
0.6423
0.64405
0.596
0.5477333333333333
0.5781833333333334
0.5519166666666667
0.5792666666666667
0.5656833333333333
0.5619833333333333
0.6339
0.5734
0.5475
0.6349
0.5581666666666667
0.649
0.6501
0.6515
0.5643166666666667
0.5335
