0.21346666666666667
0.23068333333333332
0.2452
0.25826666666666664
0.2694
0.27975
0.2907
0.3000833333333333
0.3081833333333333
0.316
0.32343333333333335
0.3302
0.33685
0.3431166666666667
0.34876666666666667
0.3535
0.3586
0.36336666666666667
0.36828333333333335
0.3726833333333333
0.37685
0.3807333333333333
0.38455
0.38788333333333336
0.3910166666666667
0.39418333333333333
0.3972833333333333
0.4003
0.40323333333333333
0.40621666666666667
0.40863333333333335
0.4109
0.4132
0.4154833333333333
0.41756666666666664
0.41965
0.42183333333333334
0.42386666666666667
0.4257166666666667
0.42715
0.4289
0.43038333333333334
0.4320833333333333
0.43328333333333335
0.43475
0.43625
0.43771666666666664
0.43898333333333334
0.4403
0.44166666666666665
0.44293333333333335
0.44406666666666667
0.4454
0.4465
0.44753333333333334
0.44835
0.4491833333333333
0.45035
0.45126666666666665
0.45235
0.45325
0.4545
0.45535
0.4559666666666667
0.45665
0.4575166666666667
0.45803333333333335
0.4584666666666667
0.45895
0.4596166666666667
0.4602333333333333
0.4602
0.4595
0.4595166666666667
0.4600666666666667
0.46058333333333334
0.46121666666666666
0.4616166666666667
0.462
0.4624333333333333
0.4629
0.46366666666666667
0.4653333333333333
0.4658833333333333
0.4664
0.4672
0.46855
0.46963333333333335
0.4706166666666667
0.47158333333333335
0.47263333333333335
0.47391666666666665
0.4751666666666667
0.4763
0.4774833333333333
0.4787166666666667
0.48065
0.4823
0.48361666666666664
0.4850833333333333
0.48643333333333333
0.48791666666666667
0.48911666666666664
0.49045
0.4918166666666667
0.49305
0.49601666666666666
0.4971833333333333
0.4988
0.50005
0.5014166666666666
0.5024333333333333
0.5032333333333333
0.50425
0.5043333333333333
0.50575
0.5078333333333334
0.50905
0.5094666666666666
0.50985
0.5110166666666667
0.5118833333333334
0.5127
0.5135333333333333
0.51075
0.5146666666666667
0.5117833333333334
0.51355
0.51565
0.5169166666666667
0.5174833333333333
0.5176333333333333
0.5163166666666666
0.5164166666666666
0.5171
0.51765
0.5168833333333334
0.5169333333333334
0.5173333333333333
0.518
0.51835
0.5186833333333334
0.5191
0.5194
0.5197666666666667
0.5197666666666667
0.5200666666666667
0.5205333333333333
0.5204333333333333
0.5207666666666667
0.5214333333333333
0.522
0.5246666666666666
0.52475
0.5247833333333334
0.5250666666666667
0.5237166666666667
0.5236166666666666
0.5243666666666666
0.5245333333333333
0.5248
0.5248166666666667
0.52525
0.5255
0.5255166666666666
0.5256
0.5265333333333333
0.5275833333333333
0.52805
0.52775
0.5295166666666666
0.5297
0.5298
0.5297166666666666
0.53025
0.5304
0.5308
0.5307166666666666
0.5308
0.5309833333333334
0.5310833333333334
0.53115
0.5313
0.53125
0.5310666666666667
0.5313833333333333
0.5315833333333333
0.5318833333333334
0.5319
0.5325333333333333
0.5325
0.53225
0.5326666666666666
0.5328833333333334
0.5332666666666667
0.5328833333333334
0.5331666666666667
0.53445
0.5344166666666667
0.5346666666666666
