0.35063333333333335
0.3641666666666667
0.38315
0.3763
0.43855
0.40403333333333336
0.3904666666666667
0.40523333333333333
0.41323333333333334
0.42045
0.41795
0.45611666666666667
0.43455
0.42
0.46045
0.4104833333333333
0.43705
0.43901666666666667
0.4113833333333333
0.4212166666666667
0.4529
0.423
0.39358333333333334
0.4371
0.4412333333333333
0.42536666666666667
0.4178
0.44971666666666665
0.41331666666666667
0.45313333333333333
0.4401333333333333
0.45238333333333336
0.44543333333333335
0.4256
0.4157166666666667
0.4648833333333333
0.419
0.4315
0.4323
0.458
0.43398333333333333
0.43998333333333334
0.4520166666666667
0.4466833333333333
0.44658333333333333
0.47833333333333333
0.4425
0.4232166666666667
0.4166166666666667
0.4769
0.48013333333333336
0.43461666666666665
0.45945
0.4136666666666667
0.4478
0.44706666666666667
0.4666666666666667
0.4397333333333333
0.4406
0.47281666666666666
0.5060666666666667
0.4644
0.5078333333333334
0.4942
0.46403333333333335
0.49506666666666665
0.42895
0.43
0.44016666666666665
0.49525
0.4427
0.49638333333333334
0.47483333333333333
0.5270333333333334
0.49971666666666664
0.4533
0.5372833333333333
0.5029666666666667
0.5195666666666666
0.5077666666666667
0.47451666666666664
0.4965833333333333
0.5078833333333334
0.43473333333333336
0.4334166666666667
0.44771666666666665
0.48241666666666666
0.4759833333333333
0.43256666666666665
0.49248333333333333
0.5260166666666667
0.5104333333333333
0.45216666666666666
0.4875333333333333
0.5094333333333333
0.51505
0.5111166666666667
0.48818333333333336
0.50435
0.4917
0.24443333333333334
0.2766166666666667
0.2606
0.3093666666666667
0.3036
0.3090333333333333
0.2989
0.30983333333333335
0.3183166666666667
0.3176833333333333
0.3066833333333333
0.35838333333333333
0.34801666666666664
0.31733333333333336
0.3248
0.31851666666666667
0.3153
0.38151666666666667
0.34308333333333335
0.3391166666666667
0.3649833333333333
0.32845
0.34445
0.38201666666666667
0.3267333333333333
0.3592666666666667
0.3673166666666667
0.32203333333333334
0.3281
0.3306
0.34391666666666665
0.34065
0.3274166666666667
0.3922
0.38398333333333334
0.42315
0.34431666666666666
0.3787
0.3526166666666667
0.3751333333333333
0.3564833333333333
0.3688
0.37525
0.37615
0.4219
0.39008333333333334
0.3967833333333333
0.36528333333333335
0.39618333333333333
0.3757
0.3793166666666667
0.42136666666666667
0.3549833333333333
0.41351666666666664
0.3725333333333333
0.35751666666666665
0.39425
0.37685
0.3821333333333333
0.38875
0.43051666666666666
0.4194833333333333
0.3714
0.40863333333333335
0.38521666666666665
0.37805
0.42501666666666665
0.3850166666666667
0.42461666666666664
0.3848666666666667
0.41331666666666667
0.44188333333333335
0.39011666666666667
0.41773333333333335
0.39355
0.40248333333333336
0.40135
0.34918333333333335
0.4211666666666667
0.3966166666666667
0.43145
0.41713333333333336
0.41141666666666665
0.43775
0.4005
0.43111666666666665
0.35896666666666666
0.4158
0.4315833333333333
0.3938
0.40485
0.40125
0.43088333333333334
0.39161666666666667
0.45963333333333334
0.41813333333333336
0.39776666666666666
0.40976666666666667
0.48588333333333333
0.39776666666666666
