-0.8408340323112842
-0.7615876473734735
-0.2674036992361796
-0.4274690564794816
0.4788480716706148
-0.5640218097961374
-0.3967497992473466
-0.28867930514720147
-0.19244819563757729
0.6814927293580054
0.45096919371127037
-0.3207994078381406
-0.8444875787219073
0.455287828701641
-0.9179838401940884
-0.844311688430145
-0.3169976663044661
-0.5746143576671237
-0.8703808829974609
-0.48540247738087033
-0.9780615950883678
-0.2910571191115645
0.20087006290694706
-0.37152186252749914
-0.98934910631137
-0.29752971702640396
-0.45336253478607436
-0.8946363348926705
0.5694514993662012
0.31315438651989563
-0.13431331091669574
0.9585842078657156
0.3539889177930388
0.5274700566770797
-0.03314979515029848
0.935523108973557
-0.4055834389732362
0.17842088928780203
0.5024103421626903
-0.507057992980058
-0.3847299977372674
0.5927296496769137
0.9361306616379965
-0.19030874428807557
-0.8912732242122433
0.24064223657941067
0.14853738388066257
-0.23413473385879052
-0.9730024240726475
-0.166780112297946
0.3859630743619341
-0.6649177559635132
0.3727431692367766
0.17559642994857022
-0.5678392983214702
0.8638254178902597
0.6964573255946075
-0.4629977828878532
-0.696981193050009
0.10079636264834328
-0.6754426602972339
-0.8299195395401624
-0.8752503140361408
-0.4325205017334037
0.3949749484782029
-0.909297352198596
-0.5436374999181209
-0.6926114240704773
-0.5526485760830286
-0.7875957049471203
-0.037627833347038266
-0.6547132081424918
-0.026637424525434897
0.2367463641238462
-0.13058418520957255
-0.6803175014959785
0.18381265513193076
0.1360233687217058
-0.7127936961557476
0.4089641473623056
0.01789989166135924
0.28163497194075787
0.8963438213398003
-0.3402412766345939
0.7006689912196334
0.03073104509186559
-0.23255832188841863
-0.21046148639754225
-0.13356617352312536
-0.4398132131542321
0.7693053362715483
-0.38447146773863067
0.3532787176820938
-0.10263031240791541
-0.6638035774572179
-0.08059525562932975
-0.2250199520133758
0.9070064889260998
-0.7856013955512924
0.14215943897829367
0.44385577593953796
0.1590097047498838
-0.09188037131303868
0.5898685486294063
0.6866871831294445
-0.7665933277856877
-0.6282086079222858
-0.8132101120648302
0.45288214666803367
-0.9963514543347354
0.17921206934915823
-0.48250131496634213
-0.2609444824853402
-0.5702550013579272
-0.35227711119855587
-0.33401244094824534
0.07942179185907702
-0.5063537191770192
-0.2196719525004269
-0.6013685088387398
-0.3164759995710023
0.20036542905318355
-0.20291042003733292
0.2226112223835554
-0.7042645775134553
0.7197286418398959
0.608535859980983
-0.7114736985646365
-0.591648484364302
-0.056489360770681195
-0.1548069912850173
-0.21879213002904355
0.9083042632975377
-0.5135671834741625
-0.45253490950901026
0.5298361772222125
0.1303858628268643
-0.20101714495956166
0.48314972287234803
-0.2860242192888151
-0.4396938945275355
0.310382382834292
0.510550306600648
-0.563493801772362
-0.8487890837565899
-0.35075279035607476
0.6645810683392909
-0.07292344953190164
-0.13012286993565003
0.9214522805336148
-0.9837653137423217
-0.21370996663714395
0.7353562034174929
-0.4385061523664945
-0.6543967434164318
0.6043050287844518
0.525843496970494
-0.48374594305441787
0.3653337266762133
0.9220501831086592
-0.526126791269906
0.04700612050388346
0.046604357954507486
0.22031917826856895
-0.7426903345288293
0.8690574848933247
0.16786072334730803
0.9429834678325021
0.2567040883307331
-0.32364903650025684
-0.596455972327429
0.3612888801116907
-0.1832875385679143
-0.15982356258767727
-0.39988648478394007
-0.8427985177492701
-0.8625009839346373
0.4416373478446387
0.823419666460986
-0.1568581893733794
0.4978070526851071
0.49107394580750435
-0.6049988146674296
0.2521945251042464
0.3092545045543147
0.11348867431607783
0.20450762090438707
0.39524585868402706
-0.34889661156706864
0.35896834938431704
0.8961548942750365
0.36174933974488926
1.245131293999918
0.1557742580964044
0.3791250066126865
0.1651521297169995
-0.9808982684361439
0.1476753265723281
0.5795777452488898
-0.9279523185307543
0.2080718963784482
0.5949584053603183
-0.19160685798944319
0.8381652383324828
0.9765112869396172
-0.4737822196064579
0.07682341221607697
0.613769130170244
0.32467603383974447
0.2177046755367455
-0.5000265250711728
0.31117510164755097
-0.019695241530632616
-0.48312773571157885
0.7881043810568128
-0.08608097006187478
0.8684054668772833
0.36171079800283273
0.30015864926766367
-0.13991056868142868
0.21718945748790092
-0.30928092887791203
-0.11514666200668852
-0.01701402839335008
0.8948258532398192
-0.9567721518122145
0.4542566764198835
-0.4211264644742627
-0.42646087629674445
-0.4123236668277295
0.2508555250275921
-0.6884647174006875
-0.6558509402917145
0.06589493544534479
-0.09370448624262996
0.7933289050944736
-0.3401850775172731
-0.11792944979060914
-0.2544827285166381
-0.27455174990836456
-0.11771682293862695
0.09891170850486047
0.699740501772836
-0.3229345721254464
0.30010761167336614
0.736181424601929
-0.007280647007276045
1.2344691472502825
1.6554561924752427
-0.45174265013652004
-0.2088873947270443
-0.005593387661274968
0.9499439647610635
-0.009299282472934201
0.3890541253966199
0.21039420955546587
-0.49271344115880045
-0.6261945041682846
0.30472235642766027
0.31094317351744494
0.7131496986272424
0.8296613975877153
0.19091863888490979
-0.7529570638819924
0.6222715610126501
-0.3640932629742109
-0.6941617393772384
0.2048479274647403
0.19063523566680954
-0.46974448283138265
-0.9801699687921047
-0.2592223408666445
-0.06824888624650707
-0.4203980579043613
0.6277646555042874
0.9104696715326928
1.2615734053707626
-0.30535026501568463
0.1491066750726171
0.9741849116529034
-0.34975044543934547
-0.1538493132365091
-0.702231747968069
-0.48081453058119616
-0.42033156494221935
0.6421441723247534
0.15335140487074256
0.15746008201394995
0.2509487721142764
0.18792590099340947
0.4752733214851871
-0.12265911203196221
0.2651384675437421
-0.05057154213470413
-0.6113819770212041
-0.742454218990638
-0.16991938845760476
-1.0010800239329136
0.5183213672053567
-0.567735265694116
-0.8136900641627366
0.4386536886706956
-0.708201013235922
-0.5040347019140387
0.9560822176967531
1.0401887611824963
0.777055445034919
0.5840932872651823
-0.8228596550302404
0.7219431721361911
-0.3961596533550248
-0.7372997371327368
-0.34566230764785694
0.8082696913040827
0.5414755077445672
-0.4635173127463464
0.5163912208980836
-0.4402848752271423
0.4034648734645981
0.5920976337994414
0.5205987611261674
-0.12575150516094352
0.607906127945174
0.13234875601809498
-1.1878550643053742
0.4252842947700211
-0.6613223555769611
-1.1416297675545186
-0.30708282140352294
-0.4762128057988252
-1.02171085338678
-0.10789668944573468
0.45025606309717875
-0.27133517650686373
0.6355436420601444
0.9844876762971028
-0.165046943691435
0.18561217478151135
0.7028479215595161
0.0694315779706571
0.28634212238370976
-0.30311219584171867
0.7508599844150098
-0.09371541609374986
0.40829046850608225
-0.41886965042446783
0.07191192516207806
0.8702618431697003
0.7560380423435027
-0.2693217284996278
0.5387408636878409
-0.7576488642628566
-0.5634996059465672
-0.9502690718095251
0.3716141340804891
-0.10306808086466514
-1.279067581751051
-0.8485426824415029
-0.6264440198099213
0.3165561386289535
0.554536362915407
0.24522875211347012
0.7682136053381131
-0.24232246561379053
-0.7681513667353272
0.6386844382157111
-0.28443755475432775
-0.11515238754741867
-0.462497835876206
0.5043031043888953
0.028941567824610704
-0.5963886292452173
0.4274389445904376
-0.5927746735755526
-0.5002778801843821
0.4623668749115855
-0.6747582896929349
-0.12033976487913998
0.060489469386741296
0.18669175542288965
-0.7067929169442227
-0.5958327562825153
0.48584041671445405
0.8458811495108969
-0.5891120490030848
-0.23271578435692386
-1.060283374987817
-0.4978204812934901
-0.44511403950700784
0.7621718829375452
0.6358289932149994
-0.8479465762267303
0.27230644241403157
0.42082853103908935
0.5748775442765774
-0.9586987217566719
0.36405375341178015
-0.8136393110239248
0.33969482766636233
-0.7962584944481044
-0.852208013999568
0.6630436200360409
0.23609821560331698
0.2806783625704306
1.0789573364043388
-0.6049829648701703
-0.6299713739015091
0.34383357524509683
0.16912931356374714
-0.7403149478786377
-0.02261555420410187
0.06901202112459826
-0.6069809418818473
0.3778160420635028
-0.9848817203972435
-0.10817688410629638
-0.9778312688904108
-0.27116019037168626
0.8784692331786337
-0.4383059609718494
0.7619785840824145
0.02559360929980127
-0.5848240115930531
0.5457426784377908
-0.19722568777479732
-0.7945273038770475
-0.30477075854632407
0.15251154279502166
-0.03416033004157546
0.6300713108368983
-0.20658549481261454
-0.44062838438175306
0.427747078649823
0.6204100976095894
-0.6506685090916188
0.009737351083830139
0.01001520507540481
-0.9036979593598455
0.4159813665783185
0.43753830969421936
0.7979244911801489
-0.42977730965452565
-1.0573110486897996
0.36444573722785756
0.5500090528010612
0.47743072738563924
-0.03915214903968782
-0.03209445371370258
0.39534445436660115
-0.2577022387853323
-0.10718095900528173
-0.9676745915546807
0.220508898100178
0.03039588073893051
-0.7051525326932068
-0.05415580397047309
0.09088263283117021
0.331110612184882
-0.9181345114561846
0.09700976960216334
-0.5607507730221502
-0.2891193823883899
-0.5337730522811843
0.0866155168599755
-0.2082668845424172
0.30084420368035564
-0.9682690152066771
0.12391664190331984
-0.49652783589319016
1.0747743546002715
-0.4465523857977382
0.3905741571931951
0.8356780644657753
0.2232552160525663
0.5121675988629091
0.28095178209609517
-0.48338994532765206
0.9290131211678444
0.13951709617925534
0.5409608347518838
-0.7091683595015
-0.01315267440100474
0.6810138025292835
-1.4493091393393425
-0.4505612893445992
0.24051852635599022
-0.4794200683820194
-0.46541735644716614
-0.23517579884686202
-0.8274819555156142
-0.5691574677375585
-0.43228845745225847
-0.6291801739766909
0.42746830439918004
-0.03466931567816571
-0.07248908496132794
0.13075353356866862
-0.5829349058757426
-0.7178529367219659
0.5041086358773788
-0.677438871570085
0.37858891986427495
0.47737907259659984
0.02978752212151203
-0.3033029515388125
0.26636542440713035
-0.8310030818459118
0.830593034954398
-0.5049045130726393
-0.09233345511334654
0.7961844353981461
0.3074515876238642
0.3610032480590091
-1.104034419894838
-1.0202382101249396
-0.005141652212112794
-0.31829768284334015
0.5255690738842924
-0.12492087285701861
0.5763584227351025
-0.18834002621303347
0.23697262456304738
0.6085209491572908
-0.584980959656873
-0.22956068851475142
-0.36743630067393196
0.4183232165775584
0.9949660471757749
-0.5358782661861058
0.7554110087475711
0.5920556745726016
-0.8521775812675738
-0.7842891507019241
-0.16674391122558652
0.440026307091667
-0.5182681172426005
-0.4620045238567364
-0.7344190029365594
0.5004893504123108
0.026192135032821265
0.03668199604215784
0.9561709958638526
0.3090479853940342
0.2838350842342006
0.16534025693929966
0.390179630965792
-0.5593482155380349
-0.17235468603386775
0.38947781145740057
-0.6960385726320043
0.685307084443401
0.23482878181958075
-0.21583914554644626
1.0261172658900937
-0.27370228928601875
-0.5460175747535787
0.12916599282219104
0.6149080349564691
0.5750936981602683
-0.3484240728683884
-0.746020404963149
0.26281429004582796
0.16547073669935977
0.27999185592250087
1.103830798407031
-0.46325397883127895
0.5565840945047006
-0.4540621055243667
-0.3475561604681278
0.19096614470657694
-0.1478615607251639
0.15005323840458246
-0.4879744708257157
0.15379596549919208
-0.6994902462110719
-0.6441020560346855
0.06813894350778847
0.120241474311924
0.028859564810792455
-0.08676675234521304
0.7140428459914671
-0.25530310443650617
-0.6359653581796737
-0.09194284884683282
0.9329542466666482
0.1857086943506579
0.6535420941656188
-0.30280231822891174
-0.6619355027122382
0.1970112027135902
0.9145243804789868
-0.8590719356825394
-0.8438291270146401
-0.009233433284549087
-0.22580044282192235
0.3622739817283988
1.1782355411999608
0.3449302673184348
0.7420047185638866
0.978463106605911
0.08545319579761121
0.4969265827451553
0.6401486241254959
-0.24083282051961152
-0.2881799303196317
0.7172882624089166
-0.0050454832343489395
0.5151300264077739
-0.6608649043957984
-0.3674662931052432
1.143625269771544
-0.37001101275761145
0.6002143199674052
0.10203750732949583
0.05984420528654946
-0.56120709509288
0.3377233856890334
-0.2817233900779574
-0.6485207907542098
-0.3956927881700559
-0.8043821081762061
0.7200568728912099
0.09611263117527673
-0.2863775934769047
0.21222763638910436
0.21260079308550345
-0.21451644626538127
0.06192470066823186
0.055613572688754505
-0.4506314605682263
-0.021207860324416374
0.501270571109728
-0.4025437025092885
0.5557873869197426
0.3198141350880448
0.15312046677905428
0.7293929091874018
0.39179318297036075
0.012979409020238412
0.05643933437257287
0.1787868530996502
-0.6580024494110916
0.6852857796566819
0.01296894110880444
-0.5146759167490544
-0.4947349101345074
-0.6357759922149562
0.5859669422060135
0.8636541682582947
-0.16527844661576613
-0.6654293516536601
0.420007228282308
-0.5702712421195657
0.8620337980341006
-0.038910227049407727
0.08771927099383652
0.8713767296955779
-0.17616672134170508
0.20628571196303205
0.6884251718337397
-0.13847984659592252
-0.7582653187049664
0.6046706040251774
-0.2580739270859962
-0.28508410281591506
0.8639188483616289
-0.7783353226947232
-0.5656687350645241
-0.4584764270916748
-0.07176535715879208
0.29699199051836894
0.2511066768105762
0.04301959512561315
-0.6227113480369425
0.046602101904724524
-0.6464460607891221
-0.6927060667554363
-0.3869957514853068
-0.6780625075791957
0.2883209545700436
-0.08944236549233585
-0.6533839918109066
0.4845327915208859
-0.504917843357673
-0.17388327286112085
0.7789593647781926
0.35248574202815147
-0.36027281424081536
-0.5171660716967412
-0.5423431705396988
0.6892908500816665
0.16901513738797153
-0.05242975171789147
0.5155393702142345
0.721438794348259
0.15135625408216705
0.07706681202702984
-0.7884680155758812
0.20870436585097504
0.05433030497863154
-0.14244514213155854
0.14380561691550342
-0.003913358287299781
0.129740733236215
-0.49314557310983087
-0.27894444158860343
0.7469482103136931
-0.9265883829084506
0.4549242150485515
0.3238554473357616
-0.34350220842780077
0.7408632011434745
-0.7727679301206021
-0.5928191864331444
-0.29004831870494746
0.996943458591432
-0.686927928686918
-0.2326022863437435
-0.1132023434747894
-0.8670128682623535
0.5782402446719727
-0.6692806212313898
0.16117994090464108
-0.2869367405839994
0.11257634068505254
-0.5824669561218541
0.5434121633755126
0.9565487374426799
0.17010731441582383
0.333241592417707
0.3177843466662607
-0.3490975081619042
0.9453450843806029
-0.287649401869105
-0.3637750165555459
-0.7413877712411103
0.1261155263959006
-0.5025112524078057
-0.04694103009849509
0.623823975436234
0.9262948939693815
-0.7220111961111794
-0.0981177624134376
-0.949091465230555
0.261837994299636
0.08193316281629343
0.07020286839341136
0.7765984552493049
0.11182054546088395
0.5588712234429074
-0.0782612228436083
-0.8906859905538025
0.4167803918048811
0.609629863211949
0.7952299911256304
-0.11107919636200914
0.11563674430204654
0.8524463193530519
0.09765228220686209
-0.0938770421435206
0.9196068709749174
-0.44215139322996727
-0.26066157118456396
-0.8290686072141836
-0.5909261645438064
-0.24213166757506763
-0.9732976780763734
0.8617172318760485
0.7527211125631829
-0.6206891102628029
-0.8492623339117605
0.22119023064813245
-0.5302741160500175
0.5539851291796746
-0.9885635901875905
0.38618154699338536
0.5180731838669173
-0.16143955939141927
0.1868414002624032
-0.21592510532681664
0.17308803891626695
-0.6984077730939264
0.9065835606680624
0.2625292206722305
0.6514679136654349
0.8334640985058196
0.8209519262480649
-0.4046878299269557
-0.4852076572855466
-0.21056905363739548
0.5567113028313941
0.05101625501360792
0.400956016839664
-0.691214950351537
-0.40971194411773626
0.9295515983466891
-0.7010966447893681
-0.713636777072143
-0.9262730433449801
0.3961695818090161
-0.15066605989640974
0.8404033472688818
-0.42850630456000444
-0.4406776558877087
-0.428005386374522
0.3534971542900402
-0.5431906078399338
-0.891031880150811
-0.6739824362935318
-0.18644365742811778
-0.38410913337737806
-0.3617030308169066
0.8627155646683813
-0.4628639726127904
0.7789330391981913
-0.913096787513302
-0.24759932506129406
0.27367167522817426
-0.9811279774889308
0.4695905819049214
0.6827288988737222
-0.5861734754664788
-0.782393857753169
-0.270994118500798
-0.6010863203520946
-0.8559014162418423
0.4469622906937122
0.38059513282397855
0.09497518159718087
-0.8365372176630124
-0.8683133112930808
0.20970898879015132
0.05745621157340257
-0.3182555263388332
0.21722078022222643
-0.12797161015009512
-0.29459750269903257
0.07645564703023554
-0.8269245363305043
0.987443774806689
0.025365662171726366
0.628679081919439
0.8584126317375045
0.33180615173016387
-0.03694441608416304
-0.23705444583932217
0.4942484147931467
-0.26715608412870717
-0.9476897199948818
0.6936120913198988
-0.11144316817223654
0.8936752041352228
0.059668787892193036
-0.4529487801334962
-0.44599796347649423
0.8044853285929603
-0.6496583420822731
0.6711523118417632
0.6043903562308224
-0.18206170822711848
0.2803276523368091
0.8128744277445419
-0.11471323267708103
0.07099439367287347
-0.6295868077901938
0.7969567610627721
-0.9496570646117304
0.11857724775199659
0.42187850327456655
-0.3058036655603719
0.13209993398906697
-0.6865245356114521
0.1632745964189085
-0.7693337042737373
0.1653702633096343
0.4608637900455468
-0.5729414818697007
-0.3947595926132584
-0.13825498059413205
0.5614264549290386
-0.15175508557317283
0.7434017605811413
0.2689540640855952
-0.6086890761237166
0.913999212035565
-0.46236130707042655
-0.5021353148983247
0.021661501765325695
0.3570925423636624
-0.9155572211960247
0.4239803301547209
-0.22041553642493864
0.36548242357119637
0.3743022203773482
0.07061937079978389
-0.6802321866381991
-0.7948096560526628
-0.8955859156821355
-0.4508894904818012
0.5696597225768238
-0.4422903310159467
-0.9249655882375307
0.40982027719840963
-0.26437179507544817
0.43167182925320796
0.5384105255504034
-0.38732685345997037
0.07667805214291322
-0.598661111783962
-0.6112786161875132
0.20665248878247613
-0.5476197661333213
0.9004986306764983
0.15897468784235622
-0.29377006715980825
-0.4447645734278382
0.3291174050010742
-0.11009959227955031
0.8121052597773082
0.7234689346897512
-0.5317510940460968
-0.9411518540494094
0.20817291309378522
0.040795293859120285
0.5410288361076897
-0.48972952784989815
0.9124367502076269
0.9944140272582487
-0.3585063057060566
0.5679097565237603
-0.7415191713876954
-0.8706934268733054
-0.6757929201470247
0.2346838299284157
-0.2506993419771808
-0.7002468096850726
0.4731370698911493
0.5068744072409143
-0.1881324075698021
0.18568626244885597
-0.651441784447977
-0.06243364800499758
-0.37054408259252236
-0.7279023822341671
0.6377330354177735
0.8279424951768849
0.6460274998631467
-0.10419025982738998
0.17114283296135335
0.4023874357481249
0.9051167075306744
-0.42649242636139
-0.7975893100749454
0.7847291236264201
-0.4854507536251893
-0.788786810065637
0.22495228772976394
-0.36911804745376453
-0.41817393268791103
-0.060095876252378014
0.21784087524360302
-0.8389043149556366
-0.25649266351347616
-0.5315474031098221
0.5211710388382448
0.2803085805170574
-0.9775371759143175
-0.3494166991846207
0.25015547261575083
0.5194541525887492
-0.05879954089855204
0.9721234542195348
-0.6321742225987514
-0.38512668348423124
0.8862738887246242
0.9040307157898025
-0.2908538617476549
-0.38993198016034214
0.2679307370990887
0.9699267566735545
0.7617720271805536
0.6929538116560465
0.8413029286823879
0.10654890555234184
0.5629010954387447
-0.1629078927686645
0.1339847849599339
0.6695479076481613
-0.8044762576227712
0.6800655702802667
-0.4350498692388009
0.5074171214240464
-0.5605480745246363
-0.00672758900316859
0.42559936342948373
0.8418958175130368
0.20286809126450858
-0.6848335613120069
-0.21828152781349708
0.7174562741793511
0.4999946222462568
-0.5298698956545501
1.4030020538108092
-0.06730656566878268
1.134509632259926
-0.43685768226943344
-0.5117662517579972
-0.2648520053957743
-0.7457724749969911
-0.2615611545186763
0.09199383194166155
0.23132015845546947
0.15473527012498497
0.15887292694328906
-0.14175437335990887
0.4814507560230136
0.5477052463500224
0.6878560293128116
-0.49273371645013186
0.5765582997048803
-0.6242444307390551
0.45793544653463936
-0.13437800634251876
-0.5050557144895205
-1.0226190504187094
0.49295033615096573
0.5005824977978425
-0.3952107307660132
0.1720496480471275
-0.10173677165364246
0.6226410258846448
0.5768596485618237
0.6629211679245653
0.06331719712684641
0.8941712160576082
-0.904858950209368
-0.43756806499711237
0.05901511320527687
0.4282724092892343
-0.5281321166849704
-0.3643928771100847
0.10264673320420777
0.1603042139515646
0.3803162580052169
0.7871172582018788
0.6345021129161781
0.7287004942610775
0.11573253660913825
-0.4462799115463153
0.1671830536597585
-0.5494882018209853
0.78010703226598
-0.6817724134694182
0.6110443567900269
0.2792301610650746
-0.8771211433327114
0.07105342770266262
0.9093193864777622
0.8166478366600483
-0.47457697203515464
1.1691979684996086
-0.5967031632751681
-0.5668403577794561
-0.017186447647562535
0.9892535633149921
0.47006427919666854
0.04495933437320693
0.9693956753604936
-0.28117567315086395
0.1504126400382371
-0.43572456218961153
0.8297119190967204
-0.5247776458621285
-0.04715123516602992
0.165290001481048
0.962773863386515
0.7553931644190492
-0.21756987428550445
-0.7714137202290333
-0.5108308882076927
-0.47327967419765476
-0.29582828168540304
-1.2443451050339984
-0.6133581480795403
0.09459035515677779
-0.2653518703831567
-0.1561421479379932
-0.6519464742726373
-0.5343160844523734
0.25976812505557817
0.46223741285194747
0.03073669266461444
-0.5657543128606293
0.6338496376015332
0.15829469357338635
-0.8627741171570906
-0.9644250384587466
0.6328054450344269
0.028339383412568767
-0.6675375331515705
0.3224666512080529
0.07763013357837394
-0.3609639886995686
0.909679967227184
0.7214804718743417
0.5050258061130586
-0.6729945000221639
-0.6237131095644837
-0.485019034936174
0.36774972553748503
-1.0680855818529125
-0.546255432246222
-1.0677407122300577
-1.3550280259572003
0.00751629000403172
-1.1405082559595672
0.4709780353457628
-0.7369583032008046
-0.7730371605172247
-0.8872686175005562
0.32199027780197526
0.7225948856718594
0.5215212760047067
0.48234810862721933
-0.17679697663937702
0.6940896637921697
0.45627709076171835
0.8394509286633884
0.07243970567981
0.4564845515791525
0.2595094342308971
0.9755877842496679
0.12827051399811695
0.669317139772297
0.2833396008884438
-0.06232907793969131
0.5791291499498217
-0.8214675747337893
-0.9092369623956946
0.12005510740575062
0.39388022967804864
0.3453806553699125
-0.564470481458467
-0.6438895601729293
-0.6444635824399827
-0.7586761872909373
0.7626427104114579
-0.9974393650117268
0.28940480101953503
-0.3808377213191018
0.9936100285067229
0.09138240332448441
0.26381317490910483
0.4145352365773292
-0.5079520941647595
0.8601518812117896
-0.45634972323539175
-0.6083256263989831
0.9403454574364454
1.1191937865461505
0.2093943566511741
-0.2659720582059321
0.6729435163862364
-0.345567128650384
0.2109245286476077
-0.2614174637192667
-0.5283136826093873
-0.4810435026534664
-0.10062690226914
-0.7463055151713439
-1.0138846942907007
0.2980485299217302
-0.49264339148787467
-0.0753531918279838
-0.3646352653182688
0.485585358987238
0.11240198511037654
-0.9750248304592731
-0.9881736556880582
-0.5745420435741425
0.03867467744620169
0.4553918339374531
-0.3168346102264273
0.5600091676665284
0.42206280903820004
1.1553782219052389
-0.1718958630305605
1.134382357011374
-0.34419606714184925
-0.7669124835492932
0.046337156932009016
0.0051708050120575595
-0.4266366207278523
0.46071923569598255
-0.7005180393120608
-0.044096338996651774
-0.9286109188276204
0.6206650519029044
0.5419416524058361
0.008714970741107964
-0.534237712221581
0.12502183285966367
0.7161929459188033
0.02998139037380935
0.04647478190878928
0.3112192657021123
-0.06324942202395739
-0.613487411285441
0.5626072003345715
0.49518866107539095
0.5218036422723605
-1.1287029648423268
-0.2169560566674908
-0.2596534530759133
-0.5763526270010744
-0.7259650252491482
0.6073126767346648
-0.7279320864811427
0.18635483981284495
-0.6388761236248879
-0.3129803299110592
-0.39133827438994845
-0.4677065091028945
0.5048955521381437
0.33941210702375557
0.7673655355593554
-0.8040836741456425
0.24460346086779372
-0.46465331223248424
-0.4782825231112148
-0.6409765346635689
-0.08145888776749155
-0.6539511911171124
0.6693649808727172
-0.9768008370483264
-0.13433538028812314
0.08059027454076845
0.3546275874945778
-0.17762863789349534
-0.046944239095766754
0.46830385260672736
-0.7242164924964231
-0.17902128691313265
0.012893921951696873
-0.11128280902923166
-0.16483478899249104
0.6338569320223887
-0.727881593988096
-0.357756502868873
0.42816578519544335
-0.17925135149272817
-0.16934749125816423
-0.04194997692813903
0.04833253135921962
0.6726650544753175
0.3583145546300102
0.6916374544038335
-0.5329743531695275
0.2348431772568142
0.19076343333921222
-0.40067909465983653
-0.1481336956512785
-0.8828178265830819
0.8325725011226817
-0.41021644437114363
0.48341299673196875
-0.13388948989661167
-0.2715230508142587
0.5626441827354741
-1.1025210760074822
-0.45759145329896495
-1.0485608654143281
0.30811431193154737
-0.4991144927074038
0.1870687391532514
-0.22559973791027396
0.35560205785225046
-0.07027398604494242
0.44005519717216657
0.07838697706434636
-0.2204643674699652
0.10049204128641219
-0.2604664193736217
0.670715463800021
0.5152203555379534
-0.12076792968926567
-0.8862991517636757
0.036478163259199586
0.7227757502355591
0.14894838032577257
0.16754671693707868
-0.8490084051476173
-0.44572813999874905
0.29195176520786414
-0.7624635069329823
-0.6787306273774149
-0.3948766108659632
-0.5518183279465771
-0.004329887553066794
-1.1990042486515895
0.22810267522203848
0.38535412534929697
-0.8432377561220578
0.582546379140606
-0.49545418790605167
-0.45370813709902047
0.10389504545389702
0.16275362006257427
-0.42804110663606865
-0.00036624088181160273
-0.04128789957110228
-0.6818648234894105
0.2337005648166489
0.5959799922874306
-0.6439218331858031
0.4973158330096695
-0.045593717183473575
0.5206906518725337
-0.39502670562477127
0.41538731808535384
-0.47503758935178736
-0.523510981028206
1.153462114586303
0.884909541891187
0.6717627680771479
0.05699282134074921
0.7135404733752734
-0.7629210588015636
-0.45715975709843265
0.3755005564141477
-0.5780790860130366
0.13535919249234124
0.03964700827404426
-0.3725962608879567
-0.5981554140560711
-0.43037796964711217
-0.4018355441521389
0.4121313453848482
-0.28237623889977753
0.24930309901945685
0.42247081991415353
0.04961482776129159
0.14807774484421488
0.05220206329890767
0.34331546805024044
-0.5590267607879105
-0.5224953100109793
0.14767102258981937
-0.6120077344395805
-0.10949157462297225
0.19958746223814772
-0.59599338010874
1.0597195880320445
0.3319512614866313
-0.3769502758761458
-0.13417219052689108
0.7720266348405846
0.3267807642260562
0.0924699691634726
-0.6361851659820001
0.7169744361246497
0.5232284716040237
-0.18722144330998577
0.09711318579419997
-0.6205977721133055
-0.8269676108767114
-0.6324728624138138
0.4640546964901586
0.7085309972293871
-0.8343731205767132
-0.5190395927682858
0.08630472711114692
-0.17151858140757015
-0.20965159419449741
0.14434826853363666
0.2513012727928697
-0.20957453076951427
0.44843775317030066
-0.7189338699270823
-0.5367856170451121
-0.17194569900264875
0.8383628306001588
0.4143357599344665
-0.6476990372015126
0.9933638497888901
-0.8700693226304205
0.4802785319468826
-0.22105502142503733
0.6381178671191653
0.10355762478944162
0.8847337183615617
0.8087670799049956
0.705867804282352
-0.4686548011503112
0.9282115079566773
0.8759667576534684
-0.08633028291948146
-0.8789706884109977
-0.4983057661763866
0.14524142623168498
-0.5660610841395279
-0.5270069128844347
-0.6326631862791009
-0.7276440321278544
0.44086086057623086
-0.610854337408357
0.6580947350689368
0.5280795473262603
-0.8626677542611013
0.3317952884580005
1.0174218321606003
0.12684892745134435
0.21901234469770856
-0.5571980594844917
0.38241612212733733
0.7771434789809496
-0.6557671377914309
-0.49068077681315664
-0.02609509004843386
0.322376576482622
-0.4139950789687625
-0.49057351611605443
-0.19133079196803238
-0.9509973679832607
-0.7306845568164262
-0.9139523685012162
0.8621154983395314
0.45499759074275886
-0.6847228707562782
0.7496868394636603
0.851831270470173
0.8853989711922441
0.48097714717685836
0.4977962154409617
0.8362476692305669
-0.8630477022028252
1.0085451917075252
0.6498578527490841
0.9765654787990903
-0.43641443947180614
0.4234643869530977
-0.22027660477486377
-0.7152414924332237
0.8462406129779326
-0.14127089482100263
0.6387202514044661
0.2779169566843394
-0.24094730111293927
-0.5348222578991771
0.9367690752133443
0.012667006749904536
0.2798749259208637
-0.598671892165187
0.8431403711011882
0.7690066240130788
0.5493923209086274
-0.33902476867848674
-0.2749645744780759
-0.23902423303100484
-0.9031716591163657
-0.9446948989502427
-0.9076271240091505
-0.705724652329679
0.5855952651639088
-0.8356434704445038
0.36226961143305325
-0.45141759469392656
-0.615917393836591
0.4347005083426064
0.9125207661663702
-0.8635680639867181
0.048024221951945514
0.7111058796250627
-0.8368376686608385
0.6705864234049764
-0.1691333087653261
0.72058198469876
0.5451620172686267
0.6835990242093261
-0.7235615967701344
-0.40577608337693555
-0.017660376161942725
-0.74507562081618
-0.9221724445859808
0.7705014246862867
-0.4927105765286591
-0.7420745758893565
-0.7990447117377961
-0.790491741950404
0.6477253343981786
-0.39837861951029546
-0.8500875078034347
-0.8889869204877493
-0.2801217087184523
0.41109279490514344
0.5312214460623538
-0.11112877026250549
0.8537428601337473
0.4991931595907563
-0.752347294506947
0.4491262469194158
-0.742551789891259
-0.6300104869298184
0.13617910321591206
-0.7331997073975094
-0.5786241132483284
-0.12308481799484913
0.8929224850078535
-0.4405346016741045
0.4884188748942661
0.7380387472240835
-0.15496646919948665
0.08247703205779658
0.7468642409528844
-0.7024136942920993
-0.5437880125613848
0.6882588861198012
-0.33979885731604914
0.7565743673164043
-0.12971687037002597
-0.765373184470073
-0.2600312082814634
0.9111589461925215
0.9163959130623512
-0.1356634012710676
0.24034052265964737
0.5643623702493652
0.9184701384146675
0.44603282949775075
-0.15894667852295236
-0.9445187232565311
0.42043487952719905
0.47954491946731104
-0.24594305782876377
-0.5002403543035484
-0.11050002036600247
0.38666177289345505
0.20937743421506327
-0.9674736579794123
-0.008109336056137513
0.9592789639161462
0.36407803031141034
-0.26811144757986105
-0.5050021565887864
-0.5385364161098269
0.2035593324422691
-0.30054384427748
0.5217608464703826
-0.511774110980335
0.28263291361850656
0.019243474281955216
0.09338954988322612
-0.9241126158282338
-0.9360243169183182
-0.11997547752770668
0.7676571815007542
-0.35804204288941843
0.09686082264480755
-0.6079294991930113
-0.13283141771698417
0.6565448867219905
0.5335189529143508
0.8661505750649513
-0.4478520166763432
0.36340648894047894
-0.26498932395809294
-0.06117694441880818
-0.37180182993446603
