-0.2524191953982396
0.1627119566071378
-0.4425672035346568
-0.6592272544343353
0.8941488238318285
-0.3264932473270396
0.20012750887564837
-0.44227849117201096
-0.37251748007090824
0.10959403901275638
-0.47997278815656935
-0.027034589755846952
0.2959592012116971
0.38570274131403315
-0.6411424141628875
-0.9746709241416338
0.41522221491039546
-0.10834150904885859
-0.025042695855193683
0.33599909888295787
0.4404480642510989
0.9144674576919719
-0.1599402878275147
0.85980660251503
0.5307448129682543
0.45280694409085764
-0.7264582213011215
0.6946016409265998
0.8087915667420906
0.7312464671464726
-0.2045347948479062
0.9567397500331924
-0.34383279457559496
-0.9540477901209432
-0.014838092042242694
-0.5894605653065038
-0.0401427614687682
-0.7636061471313234
-0.24082359661272768
0.7634813792070291
0.5553278289926568
-0.56537974376241
0.03110690128368652
-0.734818035722633
0.4621820389921484
-0.7886041449753518
0.7022921592532299
0.40658984252735086
0.4830546967113337
-0.05341834928803595
-0.7706115952776337
0.30489606269680614
0.06475610467299546
-0.7978006171924708
0.25081813348760124
-0.9569528382588629
-0.13326489298599345
0.23513608765497077
-0.8690654918667505
0.6396037912779543
-0.9355618157522136
-0.6676634665358975
-0.6617212184345499
0.019373257102127513
0.7902473856336306
0.37267035312292346
0.9844215894180488
-0.2003105811042866
1.0020096698879175
0.7780784084161573
-0.3991281257027866
-0.6710060010974152
0.367359467512221
-0.6419978656230138
-0.17379354794561314
-0.31354614565075156
0.9860318901624514
0.4469115734085343
-0.10489172868446107
-0.657652159988935
-0.9267109421578645
-0.27033391204389434
-0.8094048205212989
0.45875934628171056
0.8972377064793343
0.6504856642707822
0.9712985630771247
0.050923871384680054
-0.5866231863225042
-0.19520863585091822
-0.8532370741804449
0.7905220944254795
0.26092783008759907
0.3662390290574145
-0.5874216337773003
0.10542508937109478
-0.19221119742130421
0.6383311855933979
0.5755660627321952
-0.48614272428404526
0.04259012594066433
-0.04747160736949964
-0.569517001379572
1.1939356495137907
0.4524900383025405
0.9471341538733241
0.7594615011407799
-0.9089591997294958
-0.008963992739621661
-0.667271249273464
-0.4884188316475239
-0.7867870977006896
-0.7080953035486037
0.9101651664921581
0.9086693213569499
-0.47811763865149265
-0.165172205952576
0.503245311870746
0.8766849074186451
-0.7006562264317217
0.5491311786571978
-0.15583817164918137
-0.14629590862934255
-0.18110256990987947
-0.19542429745446024
-0.7235363910316015
0.7253334707081098
-0.5532942013619765
-0.16091487159185447
0.34728901628444053
0.07688324883499169
-0.17654514280887698
0.6140015064077209
-0.5912054259703462
-0.051686823527476417
-0.09139118090067952
-0.6964819352474779
-0.2249640504677643
0.7131781402354175
0.8941648799450644
-0.07131207139950185
-0.7763353973675102
-0.9042510167291764
-0.7151678499091787
-0.6649193359974427
-0.970141224636632
0.6601712095589323
-0.5921312100594746
0.052132927197428576
-0.6406524823785547
-0.018585881341937296
-0.005453778042018241
0.7881486573333658
-0.30971063521433617
-0.007466542868035319
0.19502078431325084
-0.7773183617131635
0.05232290362223256
1.0867704205008772
-0.3619727748546037
-0.21778870799506533
-0.733470796371665
0.2767511572376553
-0.4100381248759084
-0.8546321915597799
0.4170836116062731
-0.9242688723710522
0.007899458320619565
0.8489041442883859
-0.4449845023007745
0.6842023033216779
-0.38450381814475587
-0.4017921115282258
-0.06300073733336507
-0.5569214216491304
0.43045165432972166
0.5559642838894225
0.1521166148515868
0.05459739271784913
-0.8705604945752667
0.17996264697612016
-0.05802571485096223
0.49180979954134635
0.4553755757451001
0.1659221960495464
-0.3960747436373933
-0.7486556569516026
0.7040429363911545
0.2021432048863408
0.6568943093417305
-0.44130786492594903
-0.7129703499466667
0.8279127720673347
-0.18096541778445374
-0.6299930977201019
0.9251051727630629
-0.2772918741794691
0.0724867374937009
-0.6177885156169399
0.3745903617264945
-0.26891441949077477
-0.6068639355827932
-1.0624305127258253
0.48076075548418856
-0.30665404804710944
-0.17797775468444235
0.2607491881441259
0.026885685814754052
0.482143745479689
-1.2220716205179174
0.1486796033496772
-0.39984494694236994
-0.6831544683749757
0.3731998198202913
-0.6370855874530073
-0.016810487663807067
0.4471052114211158
-0.9835819761115113
0.2945249097473722
-0.9204897354098792
-0.4996215390063003
0.46691362969140837
-0.18584830554394385
0.15329765145642715
0.2647424120811192
-0.729475093246053
-0.3177527828839404
-0.05957456257318279
-0.23631495886203413
0.7681893060305303
-0.01696219039509391
0.6729521479509136
0.4263911344694889
-0.04022170657384908
0.0013616801614201746
0.5376606829961187
-0.14223160162697573
-0.22441685405449638
-0.15447308491309225
-0.1830969790646353
-0.6543042441741181
0.6636762990457736
-0.20989004350422136
-0.9829879233998708
-0.14431283567933478
-0.8755617248610813
-0.15743151768504748
0.26109798061153416
0.3311678529955789
0.02850292807909778
-0.7627657834851552
0.9687745783186873
-0.8072487437753905
0.07622829830094723
-0.15040888754646436
-0.42297094333784274
0.6836294166411636
0.24696451364087518
-1.1562335109296469
-1.0789975887349406
0.6069185330345542
-0.0909613760619068
-1.016230689697622
0.607271901107735
-0.06962771407924304
0.1999198904367868
-0.9373640903875052
-0.19827053580521384
0.19425713083920157
-1.0710213000621551
-1.348747544288444
-0.9394547716156416
-0.2919733705831807
-1.1107803565036392
-0.7884971229032617
0.5371743604374111
0.6737911358445487
-0.3989715074433664
-0.8010699234454124
0.8481081829135636
0.3540553027839946
0.15999438787221543
-0.6269837868482209
-0.8330103474735521
0.5273060273963901
0.7747650887050588
0.5340794892844184
-0.3594438213531484
0.4180208153825666
-0.5279391823403169
-0.23453995221891838
-0.2714988672027208
0.15987023221343455
-0.6766050600448217
0.4615067952876257
-0.13066887806897057
-0.2808256578597131
-0.8256640274575253
0.571716086458828
-1.2005071868928376
-0.15121899812602121
-1.1909615137919842
0.7131924544405375
-0.9395857354980955
0.4875001152609505
-0.9191939889421616
-0.5152791762020648
-0.40867029839039476
-0.4731484647668603
0.5232279672658098
-0.6069568069719121
0.20115101255209156
-0.9818272197078277
0.8515012870059473
-0.24252394547096562
0.8761435464209806
0.07407230080183304
0.4994734078727375
-0.8212026854880126
-0.9345298636585723
0.6162221477630885
-0.6464787733887757
-0.9113617227001238
-0.04849715114123754
-0.7190351759827285
-0.7639554476492251
-0.8902601797231579
0.3320461449056944
0.281899677538754
0.19404510214171047
0.4475516442310641
0.4370667148824868
0.7369759177159283
0.16209834746070484
0.12418176622695264
0.9284484396617352
0.017510717667977578
0.6210112816604835
-0.7915290366008375
-0.6965284430585024
0.1823920463166199
-0.4767599054159454
-0.6045772054490266
-0.733613177196201
-0.06125578744306053
0.41076174285246886
0.7358348407873594
0.6424470672906704
-0.14254969381909807
-0.5483538252171026
-0.03097284350109977
-0.055544375633182035
0.8894302128558896
-0.771033268778482
0.45069175848383075
0.43614142654602306
-0.8439222958304563
0.3832183728196883
-0.8657260799363856
0.9165470333623212
-0.8395805338183939
-0.16884443754270745
-0.5181254885651511
0.0022792145843789414
-0.37024459100035284
0.49909705562676326
0.539391672938818
-0.49868915833740113
-0.9475654546638724
0.30440008108203515
0.19426352249214254
0.7352076870357315
-0.45852889076208064
-0.1945089212295076
0.9170167738327566
0.7679120755700076
0.745095460563683
0.4068249399258823
-0.3528009506903128
-0.6343866553037942
0.019659257848777652
0.6343672931557056
-0.15528957379204125
-0.08727702663666313
0.006169568521982358
0.9979012941782133
0.13375328478076193
0.5116314175812042
0.35721704980126884
0.6416503803919721
0.6975488830144309
-0.4617229097159716
0.6234221896194015
0.08670567254961263
-0.6825906295036148
-0.7293213602828962
0.46688919413176155
-0.8875170883888421
0.04242956403641674
-0.4638061925648824
0.4002410316091532
-0.34335387797945366
-0.13593028134142282
-0.7031805676253268
0.46313051239351943
-0.1902157204717724
0.32188899676093324
1.2376865097868384
-0.24358539952189265
0.21043723630807443
-0.35154990260749
-0.3243898220308811
0.6670714887636675
0.10338080239236898
-0.5460962508539143
0.714346590350953
1.041065343269476
0.6086057075284576
0.45481318813067134
0.7487426685641235
0.38758798818301887
-0.8654887362087536
-0.42348782208634256
-0.8278027810554015
0.3743437597886766
0.31018926872110586
0.3633172685364211
0.5859794309476002
0.9616773493774384
0.8057235396948442
-0.21797962443392396
0.9315416498363734
0.5922562109917232
-0.07886419914926492
-0.216649827870462
0.3316282601537054
-0.22039550530060936
-0.6792390185420297
0.4461254308009365
-0.446664260283374
0.007395416795013669
0.8265476688870126
-0.5740516886865018
0.3300997609356835
-0.14080085443218104
-0.8249747817193623
0.4739799067896604
0.4731482748455835
0.9588540291415887
-0.6304116054339729
0.20026692856526013
-0.6476675656779914
-0.22319017012836584
-0.34347636674287524
0.548712190629815
-0.07258235830144012
-0.9348164474578279
0.45364618189978695
0.16848235729659466
0.2829849027748305
0.15235677946086604
0.4980426940534336
1.00375403659202
0.14175203382867857
-0.43977644923978937
0.36803302187720494
-1.0907923093717369
0.09818124654769754
0.26152765298828134
-0.2578460776057297
-0.03333055281499692
1.001623494743615
-0.028881176197642917
-0.7792437861931947
-0.6027610412952167
0.20442432878617262
-0.8941548035793931
0.4141024183167199
-0.800753214025448
-0.9658043879914829
-0.044946290969534605
-0.4499529148314009
0.3050550356588303
0.3236398426402113
0.3764047618970196
1.1841016618417428
-0.5342872082217657
1.1643344032503151
0.6307026127514492
0.416297287306966
-0.6265084499809104
0.09292329291266702
0.029930780508623196
0.23156016686654693
-0.01220996601296879
0.9510635858282563
-0.7541094320941986
1.1749349845907018
-0.4910096249609035
0.29897858750556305
0.37490224054220295
-0.08144499629727932
-0.6699226334833426
-0.6811754803407963
0.7158816643999016
-0.45444280505300294
-0.5023241510846101
-0.21114238164807933
-0.5790731829054355
-0.6971618390939878
-0.28248447815970845
-0.2747669765068455
0.6070634333676653
0.5567494024988178
-0.07393179551055441
0.8401739645907255
0.16211453135373438
0.20488602910287892
0.2937368975236621
-0.3740174219811325
0.046936011166762805
0.25537974597781266
0.42351516680766416
0.9091677445850921
-0.20759201461784432
-0.019939971798957224
-0.5413497139894712
-0.3979662399568909
0.20837892349561307
-0.4863024338106172
-0.6492209667985926
0.4016164902917813
-0.5298559473789342
-0.7674765955707127
-0.1979425360044081
-0.6730813419032473
0.5510954764849672
-0.11840942153786817
0.6590332784362496
-0.729917363468314
0.948720110516392
-0.3827264012696544
1.3429678616694596
0.6171854273917511
-0.3558197947518295
0.82060026338761
0.7694832409124288
-0.7033545828574878
0.6773433115969331
0.5269591263426243
0.781349513837362
-0.6288074291232688
0.2301743404292319
0.8516197398342411
-0.536378396744652
-0.29680599181808465
0.19330406078928652
0.9303398650324582
-0.36620561872094587
-0.3096131424302413
0.44180181017945236
0.8352983710514612
0.34287531418773953
-0.3042391847006764
0.5345402125951917
-0.3758472471565182
-0.5795871814622419
0.6597326841479011
-0.831670062711641
-0.005726204624953374
-0.19761530706502003
0.15667856781188322
0.26123685722267626
0.5085922576301835
0.23695698174358593
-0.040422812129002034
0.14980392265645417
0.6934557833031142
0.04309153974154756
0.19476153276631422
-0.5873711052525605
-0.6509056346379863
0.5294330466764803
0.6006718219190643
0.436499218768467
-0.9425827542068008
-0.4116916890068967
-0.5325089830852521
-0.3945249093040852
-0.03909088494416468
-0.13899992936552322
-0.09778578092759665
0.191447288516425
0.1541404557202908
-0.05482714691265836
-0.7542971256808839
0.5426731841258413
-0.5569431969553484
0.035188854551163724
1.170605888275931
1.0759353523084765
-0.3983963769906417
1.1834346852211057
0.5143899099529515
-0.05745097075492324
-0.8025051730682017
0.8896362723550183
-0.2182358992439229
-0.11106566160385793
0.6288983639412965
0.15243141313137723
-0.8749426486530367
-0.5579125434761594
0.17140491776617708
0.9139581260002775
0.8018643995525727
0.851597575860114
-0.5142867604935455
0.5914295359359061
0.17081380377095223
0.08325353023830058
0.11366952534062337
0.744775045727149
-1.052247717110564
0.6420260035823045
-0.7256178849502334
0.13852783059759533
0.3928674946070153
-0.7265376632179154
-0.751363022232146
0.06085937272205215
0.26195692519450214
0.2885776772510056
0.6841504754000448
-1.0725975720715686
0.3668154354306952
-0.636832663799535
-0.5058911635639014
0.169533758535721
-0.2257636687702979
0.28203229247574807
-0.24775457961975061
-0.7663105308956852
0.9536919051585026
-0.6173645286565183
-0.693574008766743
0.18713075987559513
0.8751522108679438
-0.429575495297915
0.1315047796206465
0.5083652667647255
-0.053466037755925705
-0.1496392046111654
0.48502121105980994
-0.3332829888028292
-0.36437987561531004
-0.26231689314225487
-0.35958569139137636
0.5409709115436867
-1.2242897417225032
-1.1225261958972133
-0.24867592817960024
0.13215047174067746
0.40500142095720415
0.019070452971296656
0.2754121279978449
-0.22173676305918286
-0.41938020472802595
0.6795254456773024
0.11925951595645483
-0.6482323397533882
-0.7929493006939128
0.42723883357690323
0.9814988542629974
0.6507405894183868
0.23650270831024645
0.9333086569017195
0.2114746307580209
-0.5075877294954872
-0.06828553556868414
0.3144393961917291
-1.0503703109971227
-0.851528601813838
-0.18870670169876855
-0.3709917053171454
0.46244682215117744
0.3078078827768801
0.49929129547238266
0.0457104769170363
-0.6823342409063328
-0.5510548850380983
0.1377365643077762
-0.5330113067933345
0.8662928478512506
-0.8704902721144714
0.5937929092428624
-0.7759421980212236
0.12910938280075263
0.2869207201966053
0.7333358435659295
-0.2455564572753023
0.5328440500096275
0.3445901591148904
0.6511227516909458
-0.5602327865435378
0.16409133277478358
0.719235071041375
0.8991821085230307
0.4083125769409284
0.6991400419408595
0.6895163687579313
-0.3446709836070048
-0.2636384170503531
-0.2790721798033169
0.7803824916719754
0.07109623944937916
-0.8576976546091111
-0.6648449426392412
-0.5537397336365564
0.8694944241564884
-0.5898749690278412
0.26954090751393917
0.4826625151177
0.8878917162451462
-0.2844074967288017
-0.28610161103670345
-0.11658121194967591
-0.3475976661163532
0.5979174547171587
0.9543112877384249
0.7086919359151544
0.9296424093587718
-0.2698868009627013
-0.5396336818456111
0.22644886615167853
0.7251121679890188
-0.9200202574795525
0.15297997742135314
0.7074261932945122
-0.023047952173944338
-0.23368809845493188
-0.7922512039483206
-0.18441565085877026
0.44602656839157917
-0.2207176274828734
-0.15025618180388817
0.2991579212122413
-0.7461629438393681
0.3884520008237849
0.21719069503760194
0.2062756969830117
0.05660908865713066
0.23121172619611471
-0.3939384307101184
-0.24282567115988635
0.6594078989461294
-0.8089304933381795
0.676698671026388
-0.7630217472337434
-0.502405547832419
0.9213638374373172
0.8965831835420505
-0.40804975366482765
0.6320292067998737
-0.32041753330973377
0.1708869933647292
0.9593245355932606
-0.11330317475514573
-0.7385001133702644
0.40451824185288626
0.6139553289090174
0.5444842755988125
0.8354610890305298
0.18307431685475803
-0.4988981330238048
0.9541769942282186
0.6910097712359249
-0.25312335108329626
-0.6262808011814537
-0.4837383753941727
-0.40830278661870356
-0.5014903211545457
-0.9393734376224618
-0.7469923041554959
-0.6475274814831701
0.38728577188028424
-0.7924246314753345
-0.7135540871576458
0.08839143231362544
-0.3069226088751218
-0.5724911874061911
0.13634977173736385
0.7777329441629097
0.8196538926537364
-0.2799367888163116
0.959832767361307
0.5633396441889691
-0.053335065087304956
-0.8911066386559952
-0.534453515888734
0.09851775641137273
-0.47637369128893314
-0.31630405179408877
0.7479651626861806
-0.6545966746158433
0.5589790972480042
-0.49929883579241124
0.0640041547728403
-0.0028093732449143514
-0.6483575373838343
-0.2637552731072214
0.17007268276361653
0.881191607237584
0.6156032141532284
-0.5015324810213055
0.957082608481336
-0.6756570724031271
0.015726689792596248
-0.9078669585447332
0.5720248731813699
-0.8964749316307704
-0.34220307932245303
0.27950499855473326
-0.3138043860125085
0.1804884801981091
0.9597976339869952
-0.009206452627047508
0.5699257677347601
0.7014481729051677
0.900602644757387
0.6198276972143307
0.7786917876277257
-0.6748429057035934
0.12840730302650535
-0.23142089315429926
-0.18378703608372526
-0.18122780013708176
-0.17141372366066987
-0.45214703297259284
0.4833751493529606
-0.4798642838771483
0.755508051826371
-0.9695969090307563
0.9409544673977817
-0.8494615190425604
0.019058198899429835
0.48077929203575953
0.39800453672386826
-0.571443260332807
0.9051931691103055
-0.6054048582242388
0.5853477927146903
0.34112563825375886
0.9343079642568259
-0.5625027993597574
0.1837170525372839
0.8852363627781271
-0.4378610238452219
0.08977699514535746
0.0491901603097847
0.3942737576252117
0.9562163318870218
0.7746839475438037
0.06396421221816952
0.07146409486869806
0.3035590617189908
-0.0547353865533599
-0.3448974730660088
0.864099445231746
0.9412928581914373
-0.15031868788557706
0.019847402019963104
0.6371850213446887
0.37245066034414975
0.6095625786147099
-0.3190939954286266
0.6807949325823981
0.7224949573597322
0.5931293961632367
-0.7040854061919714
0.2587413920467408
-0.3784723530545909
0.8208094988841913
0.5297555698887495
-0.11726803343592214
0.6814252239662701
1.2238093266018428
-0.11372433578606714
0.6095998557227236
-0.2316320994223071
-0.6022787379353712
0.9307642862409873
-0.6568053393098706
-0.56424739344859
-0.3176188470140061
-0.5631202449203059
0.9272197131729647
0.21509699687992379
-0.7879167952973749
-0.30705744949382163
0.9425715430861549
-0.8139230025195003
0.1691411104169862
-0.7122991794228913
0.2874924944476443
-0.7920028659858614
-0.6216862759052972
-0.4331009352283019
-0.20258704942036768
-0.4133611079844995
0.31339618094088384
0.5839725209631815
-0.07021283675596399
-0.44278907445669385
0.4942680285730331
-0.22825553095367115
1.0297795144953827
-0.13079563618890047
0.38884696690154663
0.40586812254812604
-0.39311135756377624
-0.9648335004713611
-0.48572102659499805
-0.5665143418586746
0.32783815942163025
-0.9289706055699956
-0.24613027653498376
-0.8675663287250567
0.33499404330047167
-0.800312761581798
-0.26760771116376164
-0.08232865834567646
0.8859321387735591
-0.9205324530106325
0.6267294208238873
0.34857502180921895
-0.6166790999776376
0.41535824110244735
0.4793272343178462
0.0567311128845175
-0.7224173654608835
0.11482924202207448
0.5604378444505167
-0.45571482337625363
0.44608724186680315
-0.06843432020053955
0.6154690474473641
-0.7356623072736627
0.8002811205457304
-0.1488744875465435
0.4963315672177122
0.6733220218513855
0.11895530422620883
0.2280452364865256
0.4361054042250084
0.21855585468618477
0.8969240622782763
-1.020010106410851
0.44618865406446834
-0.14150773511635986
-0.06203713972343912
-0.24360595297391782
-1.0485701587291245
-0.14499219999314666
0.2514055547950717
-0.809107981555794
0.18350976516169423
0.19398733047493516
-0.20100259433489215
-0.5947358954906345
0.6662640887782849
0.3158149836846198
0.4816379696712824
-0.7175165188937149
0.12745611414289068
0.19471758307555004
-0.6344218196337894
0.25090024954319484
0.17660906380866137
0.42337188866109143
0.5069314536488224
-0.6642876524516396
0.7054443536440099
-0.9839903735895953
0.7195998569964558
0.1475915593682633
-0.17359435028074136
0.12019471687873765
0.4572005044726099
0.04576793665633822
-0.1385078533804864
-0.7647587309938634
-0.24182719573537104
-1.054774035120744
0.04720832290526872
-0.035175309474661555
0.05500080955906473
0.5429646932417886
-1.2468251426546129
0.22203598158362675
-1.3549462414731537
0.04294796685053858
-0.008044926525694504
-0.5030615526412747
-0.5719148734753687
-0.907095154532503
0.46563042256324405
0.9147394160904129
0.5986517023535817
-0.515726036137238
0.9296923306421748
0.39813592363348344
0.18593756702251754
-0.042118419694078
-0.9333515337140376
-0.5335156615501637
-0.26420244903029944
0.4731863374840191
0.7087322782549892
0.2780066361763472
0.11972305647770841
0.12214435221342493
-0.758749106827394
0.21984803535039388
0.5389696477315329
-0.300607629595071
-0.8107485426933227
0.16193745803061418
-1.060403435028088
-0.5369918917813332
-0.13146293892972008
-0.4355930627559423
0.1575924725548373
0.7528076625949708
0.1864924729914149
0.9936347524311594
0.7170598494225509
0.03865063111043108
-0.34477469996382387
-0.9090903992679231
0.7365361930831335
0.03542074949759166
-0.0036831488563612565
-0.07312207084696978
-0.9188158138169029
0.19513981632879215
-0.5945630672301095
-0.6590522550030029
-0.6497661869980286
0.3479173924605413
-0.49375014923461247
0.3751737687690219
-0.8839614696767093
-1.0429208631785916
-0.9282731952159899
-0.11086468898244889
0.26384792183187916
0.5181640361891208
0.18680106241906505
0.7676986670394232
0.07353051857525608
0.40183190662376833
-0.6158195338089987
0.06342737650169158
0.12085011794281589
-0.6705177058508703
0.06223116441774961
0.756421994785199
0.6063755053970844
0.169960925278546
0.8584122180000178
0.5131406278483792
-0.9124874794477542
0.86698757517073
-0.6616122097101911
-0.3806692513153206
0.8479545990309187
0.025762629275785997
-0.04471757291317397
-1.0087452574183573
0.18766763210553222
-0.7427140258718928
0.310054939571791
0.2944683974986009
0.05103621079765074
0.04641549269453108
-0.8306990588819031
-0.7265021799206415
-0.49972888462615134
-0.5373045377224616
0.8285872712783507
0.2572898192760347
0.42823457106094476
-0.37056429378654554
0.06043792785467826
0.11110592752992582
0.8731086968608773
0.1592634038487501
0.7306403319493211
0.8098816645286602
-0.6154173529115
0.222214507244078
-0.036042583141445955
0.483460264775485
0.05300082273927182
0.6544257109252479
-0.9712786173073514
-0.6411199545378586
-0.5572985568301939
0.07200248684039158
0.059168171165995556
-0.687559507246079
0.5856321576355015
-0.004927060913125114
0.6238401261273482
-0.13846518952188697
-0.5841194290404877
0.9078069657417601
-0.7229983893755338
-0.4086976728780486
0.011243647998478922
-0.7322523668141517
0.6606821758005359
-0.6704024765497663
-0.08336172559898743
-0.3796454659336534
-0.3846015794005085
-0.7714114222772598
1.1637324669052163
-0.6359320352247088
-0.5621371381223044
-0.13486586135808795
0.07509420761614813
-0.09535874553542803
0.17910122214532748
-0.06522143958958251
0.7530096664812586
-0.004798109013179024
-0.15402905521891128
-0.319204140009043
-0.7697815939134256
0.3227205800950267
0.5515495338443036
-0.007842963118304512
0.36688350087474747
0.1344934513601407
-0.925196642760214
0.5938879422022314
0.944264905728552
-0.2967245512666369
0.33510171164033764
-0.46894947856072206
0.8192350100346898
0.06874310383473949
0.3646954892264797
0.5102694186651067
-0.7390755086936891
0.7510409262625476
0.6431296322582097
0.17773322290275193
-0.1604394297037109
0.8288726394541297
0.7885989929403036
-0.2059687095439029
-0.11418070325026866
0.15842122257793062
-0.27286267033951683
-0.5867470672531218
0.6535981705653735
-0.5172718923384898
1.2074414313791708
-0.5158000557584893
0.6516024367714969
-0.5517727888683746
0.25296375434927404
-0.8694440640227201
-0.6150721095777364
-0.1298822465757463
-0.797010454303511
0.472691702132097
0.6528529470088461
-0.4621415026754456
-0.6196659936557625
0.1656520437480081
0.5787503629539177
1.0440314250149592
-0.5243890181476012
1.0195859857574816
-0.6821745058796277
-0.897125602600765
0.3313578625028196
0.4991776987404563
-0.5401559433254459
0.23726084634017303
0.33604015727611497
0.4305009934899698
0.20320712469153338
-0.4880588323374073
0.0360191496068733
1.0777959653678277
0.5584825429683603
0.23349832125748224
0.15236305094585476
0.26047248592256933
0.4339416139131636
-0.26993782040050174
0.2566903533158444
0.9530482716639022
-0.6374385436565498
-0.6480878880375628
0.5635643874033226
-0.4552907468729223
0.7217405514450734
-0.7250195065414555
-0.2921934469390421
-0.46032790303476906
0.3854668920074013
-0.6166340585857475
0.9919169624171128
1.1090957881843544
0.4635453609523591
0.056777842973389774
-0.29235430820658764
-0.040653065044008174
0.30322938632825697
-0.44399223737112264
0.4209935385059411
-0.15157283357594326
-0.10361475674947576
-0.03460063790270812
-1.011440222573055
0.31941331883159646
-0.5804309695628317
0.5829181548472387
-0.11608850995445782
-0.08410143295480309
-0.3769066060513023
-0.07664212414406578
-0.33936692357176285
-0.13284447888394038
-0.04250668243782424
0.3279971423617868
1.0921167760964847
0.7692979384662313
-0.7299960145203598
-0.3179654735055326
-0.06798846846926726
0.6199935030737427
-0.7225335007728749
-0.0005627897119001237
-0.9242339317257993
0.2735833803654539
0.6552185342010075
-0.2465592089016429
-0.6292529711295672
-0.04585595612924919
0.4190045996413731
-0.3457353362326961
0.5995955625831858
-0.8961946012986997
0.8294005421598182
0.764804904171876
0.07611611527361578
0.9063591646755503
-1.0266866943852127
-0.8346048989774022
-0.5713059606773864
-0.29127114715540486
0.9257366184379773
0.06234426981207931
0.4253870815080743
0.11830571411666632
0.8974212439343697
-0.3294133577612032
0.2444655587392701
-0.47177131194401695
-0.17327988162193989
0.32121341759336414
-0.37014734762603935
0.14783389724109572
-0.8135061756503084
1.0655362622907003
0.7167268198391605
0.8156098771804302
0.023993929943805427
-0.501512706512443
-0.6699867327425535
0.5741709660006344
0.9686123482845361
0.9833145381004236
-0.20262899989126087
0.6948496922625826
0.7525432430726393
0.28934370105002355
-0.12544087563255382
0.032034368795588776
0.04850971668397899
0.5915900067951737
0.7095187765394194
-0.044885211495579294
0.656712517596987
0.8181731638049852
-0.23746206264705375
-0.01111500568703011
-0.1887077093386042
0.8011883538144748
0.6546699475871611
0.4051340791168722
0.31548076035730543
0.5457531424537626
-0.7172194172233891
0.10849021577479911
0.3317738201272145
0.2777175841732425
0.14700325099931502
0.5276130441096891
-0.15552175887724515
-0.2632999725094075
-0.2215815431933463
0.2041109389562775
0.4922766679258356
0.43906033352680485
-0.7022480983405922
-0.44938240330992335
0.58948062700108
1.0598315478792488
-0.036223182955197525
0.2596936239929953
0.7343343285382355
-0.32757144375909697
0.17895469200286648
0.8547927630171793
0.6770500841511957
-0.6418729980089435
-0.044168025817237604
-0.6098152541533653
1.0565105605851832
-0.4805318927306852
-0.8651478805250284
0.8003706290440092
-0.9407102469566825
0.05139702477691889
-0.9010364902928539
0.2281897445668069
-0.8521333957809248
0.613787353319983
0.7284549835790916
-1.0143241337009195
-0.796004006793353
0.5379776829287334
0.17918178803563464
0.04026543259847243
-0.06602633611167522
-0.2010022374092374
-0.4421197513278263
1.2116800396179306
-0.039844982015954725
-0.5819620899994004
0.3790649202448637
0.8119333945008431
-0.08499714876068577
-0.049579772103825276
-0.262221968891689
0.5658379350824936
0.022430618839758457
-0.17170646656897032
0.8734935398696494
0.035069452869447695
0.7733220997833765
-0.6364582740724132
-0.09454205174846232
0.29137151136348954
-0.7848187966255384
-0.19525543230150602
0.8669904520755429
-0.689992463210091
0.3494477685605743
0.4421240784046365
-0.3629216084327547
0.728101556839319
-0.9286633185343788
-0.14707928386241217
-0.5166302886260712
0.775921580692287
0.7079325624018092
0.7580032757244082
-0.695370946628824
0.2732768432929708
0.32395986642990565
1.0827917064163015
-0.3681376502072715
-0.5277641852908407
0.5695654401419215
-1.0480685756088677
-0.6074038581873451
-0.3075241841363064
-0.537003800668052
-0.6626971343501348
0.9590005563851509
-0.02450450170969755
-0.6021820396250362
-0.7066657621955897
-0.7947015640627265
0.10759654600331471
0.6437545050653434
-1.0710585082988147
-0.07223219315173594
0.41293015579347164
-0.919671497795444
-0.901616348150021
-0.5434618886089748
0.11835836548751606
0.0898721077339827
-0.37563797634457347
-0.4331590194167503
0.20172664658293474
-0.5942908467763188
-0.8109272496482492
0.5594583931371069
0.3942250712630193
0.36661740274731797
-0.9564038358185686
0.4273419244620044
-0.30146737251833
0.6819517500693641
0.6934308105803655
-0.5769785891989472
0.7007897754949823
0.7543096869542326
0.024589604495672844
-0.833862420960276
-0.291099338411148
0.633807299557803
0.4872710205793029
-0.2314994740064704
-1.0309538358057528
-0.383311849439033
-0.3881365463846954
-0.8613448787366074
-0.08488724884831311
-0.7973285067210051
-1.1206957608086419
0.5980355353176309
-0.8135388909157159
-0.4029267212120471
-0.4858970386940391
-0.8199051738874433
-0.5793838817478217
0.0047383077527776915
-1.0173220283991926
0.5620370572080614
0.3528657795352463
0.48219633566548054
0.9311144831307046
-0.17546303922041503
-0.43086591688344855
0.04233498403144782
-0.7497512258455944
0.7617985721808328
-0.1374646484215975
0.2816008680851146
-0.7144547863507262
0.2841470536473046
0.5064189819279616
-0.9440947819405542
0.008941127353871288
-0.7466445908096783
0.16831352149804685
0.29737908081846476
-0.5947353118956267
-0.24350573142612053
-0.11537740585938137
-0.11783087597833038
0.15719697958001916
-0.20547830862608732
-0.5229138662389267
0.6300736109059591
0.09463566400464304
-0.5628585792437197
-0.5751562965423157
0.36491224681892953
0.5738178553372115
0.40903804204875066
-0.8859337458851818
0.5512174085770647
-0.5832497995684193
-0.016392428127405226
0.535730140915253
0.1280050321501667
-0.8607250709889146
-0.783359111494871
0.018842823741920225
-0.14652007484922944
-0.04024951851280721
0.187918068081193
-0.9630583756302192
-0.8461270731551759
0.00449277976401302
0.33206413394513545
0.48466503967412705
-0.4346896713255902
-0.843742737905822
0.6279989740836288
0.8652731213085368
-0.46252674656490045
-0.4624109960274469
0.7719310525341768
-0.6581381743037948
-0.3487456294251474
0.9154046122092176
0.7049193082969608
0.9313056668585793
0.8428399651779266
-0.9037435940515698
-0.4734296686869561
-0.04962541231587538
0.6794201792132507
0.24088248243112223
0.757208960433637
-0.060480513233275544
0.9641589450996835
-0.505857646627664
-0.16150291741973882
0.3370706951414587
-0.43987215225492204
0.30662513442206424
0.7778818372480597
0.7077883551317486
0.23216306525996283
0.2786049926965959
0.4036792654074405
0.7482976494920218
-0.6369203888240634
-0.0535025155795068
-0.37493276661731445
-0.8112848171615025
-0.966650142162925
0.12351611441477539
0.25517396887056715
0.649306924603071
0.01800767662188192
-0.4664904031115048
-0.4633350150806562
-0.7970479763550178
0.6083452762158529
0.08904336310338357
-0.4155702938667721
-0.4508701088640038
0.9713043422762048
0.6718519068726899
0.44056044704748903
-0.2502323345226945
0.6186999028298633
0.8799854070950517
-0.6826251780470844
0.9661594409962969
-0.414233905795797
0.42863866532877254
-0.3816924540276048
-0.5745764077952326
-0.5835856242448172
0.8646251906266645
-0.19038327614631645
-0.0031113826230478995
-0.7748986277646267
0.36628271049790323
0.8394526108813253
0.4066045769493229
