0.8364515533037842
0.7993741542634927
-0.9496999256765729
0.28054564106583807
0.7361735392366872
0.48378167834535385
-0.4594828172993985
0.5417090479974128
-0.45223001355363485
-0.5293527630841496
-0.45016941312790415
-0.8200725108246694
0.5018047676180485
0.6979386447884246
0.5568063091773688
0.5537134547292587
0.18967116190378636
0.9588340569095574
0.7731108921312942
0.6385090411994072
-0.6574452376156343
0.30498110772134995
-0.8312252314105635
0.6799118215580491
0.1972140005854253
-0.42249606766147696
-0.32657889615286273
-0.08656958893534604
-0.16568217046880437
0.5714398968782947
0.6732474819527149
0.0034081746184019277
-0.4243045857228215
-0.6465148177533045
-0.19790641654535926
-0.5200028216251511
0.8247746874148661
0.15790116792349568
0.061547307598611
0.3504383346237234
0.5741315892636982
0.1477170630810478
-0.24351188515167083
0.1469241258246201
-0.2155072199174789
-0.7691723515433464
0.5303696686996737
-0.754727518891296
0.8599595097345523
0.2259824165018538
0.48000421405835353
0.08168990013308908
0.5041566555322912
0.04929401429896026
0.13116167822541785
0.5108457408270068
-0.9305556914424667
-0.887637625731571
-0.33611733745336797
-0.9342507435704075
-0.7411695869264158
-0.8757416593765729
-0.11901108757785775
-0.2850556360627564
-0.3603217549182857
-0.7215771681879259
0.24615242971966053
0.658873249102265
0.7086391008978595
-0.09789726994791623
-0.804387112531311
0.20709417396806934
-0.023165333811628813
-0.2971347788963203
-0.011832579494977014
-0.33971895299014837
0.9788662009022735
0.06211746100172234
0.08554166344380298
-0.19287723421552133
-0.5711630847671054
-0.9852601223641573
0.8089079175307896
0.41350683041781244
0.6672054252622781
0.036566501197879
0.984626662967927
-0.9731574055349875
0.7780997369786775
-0.814283060135187
0.6911274328200876
-0.26355212654779886
0.04420202971437193
0.5864865703153401
-0.8502619920545084
0.7980782546112559
0.0911838268253085
0.7264811359913285
0.009734673278951654
-0.6307360149019002
-0.9679271959549539
0.48313492620907894
-0.3660212192759909
-0.3095695401171247
0.6153677296512741
-0.37263548774208094
-0.523110259487977
-0.6000041859910745
-0.7827583695898694
-0.8220068288321688
-0.21804110901174395
0.875803780438072
-0.5615247022684234
0.9246104096442972
-0.7963097690641316
-0.1094002405790286
0.36583889841767175
0.602135725224902
-0.06761182562514122
0.055207297925196026
0.1316641024072013
0.39912041074556515
-0.36302374911874624
-0.17879150244233097
0.2967020692443251
-0.38481305007154337
0.6211609186119645
-0.37300564349362925
0.4467118545724184
-0.595504639519366
-0.5116629960437692
-0.311713930419906
-0.489015528373569
-0.45475840947403845
-1.0811178322974773
0.5580746020677887
-0.8680923185838768
-0.15754865041922014
-0.25925418077988965
-0.9138403604518682
-0.3695818537620319
0.40176236129569726
-0.8230129938087251
-0.7765788796683589
-0.8092703064795174
-0.25642654942127274
0.7466069519820859
0.1363735304424038
-0.4769892111017095
0.1399232314875305
-0.45097610312775965
0.08639210709360115
-0.16629074716467893
0.6089621566819137
-0.4273830969838859
1.0012303210938547
-0.638750952746209
0.5000695072293151
-0.4643004894167366
-0.11904077751123045
0.29790188004747215
-0.06662506838243631
0.41133132980622716
-0.6407058710356202
0.690225117639811
0.6844986204021366
-0.6190940982693446
0.39177491267895165
-0.005981582024868522
-0.6124563616183699
-0.9636049297630991
0.9500441402611376
0.22091407351527542
-0.37830390741298386
0.7334400878150438
-0.028453491616971235
0.8337725501336916
0.7708807444138484
-0.4272850587692233
0.6248911116342509
-0.5054637887993834
-0.1688616048791255
0.8732530061411978
0.9577801790971836
0.3183531981513129
0.32722829417502763
0.8705553234351926
0.16966782207694442
-0.05202261549942558
0.126093389699346
0.06836220229666547
-0.31510899564005956
-0.6237894138439589
-0.1582269957973534
-0.8975722971589752
-0.17583829506796458
-0.8756473711216556
-0.9346338038763145
0.08014644176904569
0.7165502196640258
0.9335950173996956
-0.1984483186084578
-0.7659883549366217
0.9000789639339568
0.05048375023223157
0.4172340764731544
-0.11128093824652392
-0.7608849273009431
0.5108533879879249
0.4071658377960221
-0.46073756118814807
-0.06393548201229715
0.3599622967636909
-0.6633775831966802
0.17156044997941958
-0.09093325649138417
0.8219087016632998
0.6740023324724355
-0.7849841129462218
0.3727223185400898
-0.6643833448062314
-0.22881397960820862
0.972747636925132
-0.6889941439981985
-0.32485382386853423
0.45305570259773836
0.8813543175290739
-0.6321040035082297
0.02728645330921055
-0.654223322735872
-0.1826567907577621
-0.7615145727530829
0.44483847625043976
-0.07059237881005044
1.1235778396977614
0.990025439920157
-0.34655080045049935
0.35602647862986064
-0.573716446352094
0.16959985371650274
0.5074024796135573
-0.039207839121092616
-0.0072668008514078005
-0.31081567737413796
-0.8111539990516126
0.6320984704355883
-0.43351704939253977
0.5444839334552151
0.6741995748989187
0.4779533294888188
-0.6637182459920611
0.10608811187804958
0.17059222413748218
-0.312845918286744
0.23667244874700044
-0.5653297998948703
0.49982888970740064
0.3008917424740214
-0.10806951078930578
0.2170073132699563
0.430713497245613
-0.4108649312406088
-0.489809557251567
-0.6926988697737657
0.6585321603956933
-0.9661888927515266
0.7040586431524395
-0.9286663517904241
-0.12931559762716566
0.1666846646010324
-0.6012272138300533
-0.18862084523640585
-0.7416283793953137
0.5911852235770267
0.2797743045377816
0.913468268210146
-0.13949635349207395
-0.37833697716593445
0.32126923395563384
0.7055945213761604
0.5114065343486373
-0.6981699750400693
0.9137891062109386
-0.3519678798427959
-0.7645303852213264
-0.6215467729581043
1.1984550151626554
0.6034714326918863
0.31777795476504517
0.8040184140092738
0.20727385850895202
-0.29796435193519333
0.373296858550021
-0.4156860811806221
-0.12022828473502944
-0.19028537293020223
-0.272598449280372
0.1471213093909385
0.13162252048008496
-0.5453689791311229
0.6992196488909381
-0.5696074131601427
-0.4560647004738774
0.7932074131813618
0.68887836664178
-0.783899554892002
0.46783756189207654
0.7002400130800437
0.8453310671448439
0.3401284014441804
0.6502175071231653
0.47141534094002263
0.9317097748694206
0.44646979712079754
-0.6823729015260146
0.4054030997039259
-0.09059356174947364
0.8858495356477911
0.38282050870385337
0.2694889909599183
1.021743323408884
0.9538759844610363
0.9757707611125914
-0.33967985685772406
-0.8249216650823759
0.39892100742653125
0.04592939972745907
-0.4484083379807318
0.6443947308580376
-0.18572047681675377
-0.0009510610124338372
0.9976211072984829
0.1477296709610479
0.13221382811855362
-0.8671760014806418
-0.24902070103579974
-0.6454928314490135
-0.4077807286703813
0.2222798322179572
-0.018820602259668195
-0.6908569522518889
-0.6515316712164254
0.0034954094308795544
0.6955542209632143
-0.2717426557456513
0.20103404050941323
-0.045013575074123416
0.39146134903091234
-0.1669994844365131
0.558423448348708
-0.504784591667907
-0.14538622772745985
-0.18184656186324016
-0.09694432488410723
0.9785926246410771
0.836161871494546
0.6204551323991254
0.9251902174869917
-0.39661141895525515
-0.37953200611672394
-0.3934443250684096
-0.08579549504925783
-0.7844500760088756
0.9197691952705714
-0.0405292878991398
-0.7029816007262039
0.2018309753783198
0.000533084454351305
0.11109392229116026
-0.15917814000985026
0.765689847470578
-0.03751374199385236
-0.5877508324108995
0.10189119420646116
0.4214545124931222
0.13108832079168437
-0.6701077912083828
0.8283396752907716
0.5635400976598873
0.6472222161446608
0.0569848364006337
-0.5619651963909942
0.375984928789406
-0.25239040903398324
-0.5934567154578814
-0.6375832385453949
0.2535320933341321
-0.3077480492442575
-0.6073899107743246
0.8671911699580701
0.4063427556930279
0.16385740982089786
0.8075215306220633
-0.34936483239713534
0.5144673624812788
0.43322638845276734
0.42966413061553
0.5798978698234613
-0.7283963754190506
0.402509466995724
-0.7466823291315774
-0.20709185444613096
-0.9647890315799659
0.85675887473118
-0.09680159033676158
0.8649301046560736
-0.10780671978379935
0.9316145419701733
-0.2671674684583239
-0.3764814485618994
-0.4234840246193468
-0.18280561451479632
-0.7117838683213126
-0.3207992812630774
-0.33477106028703035
-0.13108588514966266
0.6693473688134022
0.46113094625765044
-0.8736028899711141
0.555131734009798
0.9655201572011137
-0.8688644012608938
0.46017707485206044
-0.787004954021324
0.18570699611582392
0.618686878324992
-0.7363179814334133
-0.6897915542736298
0.45422421160450166
0.39478932843226794
-0.4029824344168037
-0.458558868545355
0.5971176418229304
0.5838462920752928
0.45286409189601906
0.0518688173254743
0.9298498463716894
0.41204817978215413
-0.3368303856225866
-0.7873538987167857
0.05045572318888539
-0.4036976673603716
-0.14306074245291636
-0.889713885566683
-0.19686553464195766
0.7053015516171426
-0.08934442636831767
0.19809963421975244
-0.3496112569562824
0.8580340515001303
-0.5377315785953872
0.6346937255231063
-0.4071841812881837
-0.7563886638628476
0.4878000111905039
-0.8011781645983033
0.008549553607174142
0.1662972221821133
-0.4887485579746975
0.9597767211235176
-0.09081633604186672
0.4876979789374478
0.2151390618079918
0.06054697675778933
-0.5197357001136346
-0.04112802485710017
-0.43332640281806073
-0.15901454199543175
0.5384441386355954
-0.39537830832471726
0.1600615041986271
-0.2809564487579863
-0.8282577852032061
-0.6103300983530431
-0.5870767248528282
0.4368961304613859
-0.44743275691902096
0.1397972255447319
-0.5079610515566059
-0.6494121445456568
-0.39768566289662327
0.20232206905561412
0.5793396205653526
0.4022229301220708
0.5716128613326182
0.5537936822093908
-0.09020886084586696
0.621672049450158
1.156846358235981
0.7063317359083499
-0.3638389223958965
-0.193522707166632
0.3403729108571674
-0.09985592078334582
-0.8146650632521955
0.3383430372785653
-0.9225463374868785
-0.012312146094644873
-0.7138748743342196
0.5413334339969699
0.10302030262624234
0.8886976710930554
-0.3635221763560764
0.4856523547785914
0.8015607212946472
-0.6887612256772871
0.8963834775727564
0.14033894334317648
0.8530577028921921
0.4233720559449947
0.7590473194054702
0.401038108764944
-0.05060605655729234
0.7341289630507383
0.7411401729742685
0.14335531182229944
0.3732108776645742
-0.005339016340205841
0.20029609182205976
0.5030173210841876
-0.7761660840314656
0.20654381993916618
0.9883734790938473
-0.6146341813498813
0.56106127183422
0.5978438001028364
-0.5265294902174102
-0.3538736173279458
0.18994667577490532
-0.1998281093048195
-0.3648108004025782
-0.020249190424782376
-0.5029490860836953
0.7634241298146404
-0.6205174699685212
-0.28602640708696425
0.6278867422837103
-0.4171947729886581
-0.04570762715289599
0.05369254206215218
1.0553563134874389
-0.3809924674865698
0.16286780910747023
0.8333819108287693
0.3871696446379612
-0.310397626353472
-0.4030462552945981
-0.17118371297952534
0.3992019096593305
0.17211266129761493
-0.44340620188140684
-0.7027666272153027
-0.17414733141002345
0.2320837774160622
0.7660769472808372
0.5785541044846922
-0.9370856479579999
-0.8843154009089731
-0.43523586969091316
0.2605978973648118
-0.11993056044796176
-0.1345743382140835
-0.5946664205130962
-0.4994259367756107
0.5720162405814719
-0.8620358150264832
-0.42312179249200105
-0.3299187599277651
0.2767755136402794
0.4578463344876126
-0.48630276657990984
-0.0832455618839377
-0.52310638982896
-0.05739134883397263
0.40402318227723794
-0.7432932611795493
0.4976146640499959
-0.4553630334697297
0.5672412788304938
-0.2005418980111173
0.7584408824650025
-0.4203301363406758
-0.1286896143591903
-0.8543710981040316
0.31160164942262264
0.39254468705427925
-0.8831393051096589
-0.10159034615848148
0.5926002849866212
0.09005171442986257
-0.06383186034738036
-0.059083028294384846
-0.5919334551889045
-0.024450992209641007
0.609939834300059
-0.1867515142372409
-0.301853003053491
-0.025202404924866983
0.8988238903431045
-0.12208389081046285
0.7126757544359024
-0.4886461256921156
-0.7021878809556542
-0.2776601646040833
-0.14152267775804814
0.057025797551896934
-0.29941830178374235
-0.22434196830306954
0.007036543126238226
0.5683360598230015
-0.1527983595166987
-0.06448696191553695
0.8009388090521481
-0.3716711750492313
0.521669105366981
0.5367944502405375
-0.05890701032049982
0.14087404237722415
-0.5454473442246529
-0.6857851979274177
0.42406951291698247
0.2552290083925844
0.30680797978308494
0.7876199444723144
-0.5493343969611739
0.20901325126708917
0.8383279952390976
0.6234737510941221
-0.19482511342829054
1.1204169402927844
-0.046380735038951425
0.9273450463155543
0.6371444512816599
0.4239211687790566
-0.40566183524201654
0.004090855356004908
0.00802288278519956
0.03764982745299875
0.7760962106996572
-0.8574704194012815
-0.2815858067190043
-0.34880035636170365
0.35512992833650353
0.8265512884902576
-0.7477244298072786
0.1512987552737504
0.5141330886523374
-0.12153067314295785
-0.3019057584330458
-0.6675133647716313
0.09258029178139206
-0.12843928917973046
-0.3414511222543073
-0.1342755460116302
0.27100767289838434
-0.43932601748720224
0.9833620870000402
-0.03011715167416746
1.3375020607403498
-0.19035647941948813
-0.31307321636060437
0.4854225214039551
-0.181739654934479
-0.17359666806116816
0.6206518448910014
-0.5151873070383356
-0.24435963368930236
0.2918770914726486
0.8406665424445416
0.2696695148671149
0.7960355133490642
0.045262267550018574
-0.5734869893915162
-0.9643149400677241
-0.31522955623242527
0.5771532104950671
-0.4425750147437744
0.3750365807523815
-0.14025718232127546
0.5106610289687809
-0.5166751281029653
0.5012515367762627
-0.30072193568724714
0.4435321394916622
-0.15385851864684977
0.5347025400744321
0.13964419476985718
0.5427664556964847
-0.5852689484270002
1.0404108777156729
0.4533435014409277
0.9157749614487615
0.5598452186567088
0.034935323403164506
0.7750613391748506
-0.05157846137369837
-0.8343580291355083
0.10493546827141996
0.36633230203705164
0.012378267745102848
-0.39349819136612363
-0.15254873032884425
-0.5057447961207271
0.7746371940850774
-0.3931918608341428
0.888821267604804
-0.09646366313582966
-0.1569037589147943
0.5740325392668751
0.6727680752948502
-1.006567044685025
-0.33919373875872255
-0.7104349291249744
0.7102897973071297
0.4101074497308311
-0.3296326340505023
0.7083098060972908
-0.47537380706009197
-0.9028394823411546
0.8296330280080069
0.6236141457796816
-0.3088931609284947
0.4150330047290872
-0.9564682598166739
0.8519597565582836
0.6031266199964764
-0.7936299054373857
-0.5531580306874162
-0.9152127543153028
0.1433014778721885
-0.24245797086061577
0.878158500708522
-0.8840442401609993
0.80812027180716
-0.49597476577814575
0.01095679884833975
-0.4713107890394706
-0.39503075307571134
-0.4951626353794797
0.7566343984593242
0.7103763280777609
-0.21940060344718007
-0.5290562701189069
0.9458579271848785
-0.5630995323948688
0.690417199780017
-0.05476217648459255
-0.1426115524889784
-0.6722663756290674
-0.364330953921997
-0.4548242020691766
0.9353986068204473
-0.19389051327273515
0.6249224967144792
0.8804565822207697
0.9852441371733558
0.9665243249544193
-0.39156532196087857
0.6618634748115588
0.2548579486388117
-0.8078339179834009
-0.8874881185151428
0.9622175799512535
-0.33807412853345004
0.3219163110706997
0.1758467645154745
-0.41730061312434813
0.04562935797263388
0.9544808448949094
0.10625932947528288
-0.14606385523204674
-0.26436001059246717
0.8222279467966422
0.46543029440514144
-0.21145321442583725
-0.7784910263808258
0.013924275371053244
-0.23431228325338876
0.34518567526596183
-0.7381687747837545
0.8204741883853787
0.3511224387172692
0.11365560317240182
0.8188502713628921
-0.08181782863252511
0.9246798436771041
-0.9398864056141761
-0.5371988008798461
0.9476919898763863
-0.4544507270925054
0.2728586437735961
-0.3817755725745549
-0.28600872863251803
0.7739782853737562
0.34831334298448136
0.5962888985966626
0.16534082480330653
-0.17382960034759712
0.1821942971854301
-0.19426027831773615
0.5337559418024714
0.987056487983987
-0.6909644133127438
0.5878356443177669
0.6506854877213201
-0.09337573641815292
-0.9813039998796755
0.7210369765035518
0.5965632178626723
-0.19820894755558305
-0.08965074203333069
-0.63469363886167
-0.21821281616415678
0.9212630212521185
-0.5934800825702559
0.4308693976339648
0.5423690419117136
0.6517500834710436
-0.03391289384251492
-0.9293643660489769
0.9483046742384895
-0.3949490897558495
0.6704310597908216
-0.4399620247211281
-0.9054685762688082
0.1885992528183298
-0.5724268206608492
0.6644822140619394
-0.113106388254804
-0.18058497331558943
-0.18140952553921116
0.024469298110424025
0.18894403037629195
-0.8653280847242716
0.3698883769928637
-0.10044362830010171
-0.1836962303854292
-0.16822471348785126
-0.19421806319288737
-0.9941966822035284
0.9123723904525126
0.4566229784757299
-0.8929952474266293
0.6322394840743942
-0.6214086742865462
-0.22205236105088497
0.9926252710462214
-0.3792769200388523
0.5219820297767291
-0.38917420627463467
0.9716562225007513
0.8422024424848797
-0.98640709670903
0.057859246728514196
0.10899387672132523
-0.5621865613998831
-0.2806893182450858
-0.3560066941408933
0.8669703499318038
0.6061379621817518
0.42810540191565294
-0.6824923628039952
-0.1812249839995855
-0.6901738380084721
-0.008262935739439918
0.9867978073904805
-0.8507353891734438
-0.4258069919409564
0.5156825809906136
-0.1356733774033595
0.12810601964295912
-0.7261954486754381
-0.6966547276567326
-0.2712287665468315
-0.6545472027159318
0.8440054617319532
0.5176651351593953
-0.3635093080550895
-0.6973899964213099
0.7428882966965136
-0.9106166318788553
-0.44625088545367897
0.39949589135622593
0.024870863763270332
0.4937080776627393
0.5705942576063376
0.3321186214795794
0.4800901148219575
-1.0019214468962527
0.3564546350606827
-0.8429550753294088
0.9891643519930503
0.737592476709431
0.1666850929726454
0.8362114613283204
0.755999232196403
-0.8779757163502016
0.6517281446645039
0.9762424053815493
0.33503098192825775
-0.4077784559985652
0.28170635171583974
0.06766153480414873
-0.04676856997291747
0.4673475922817117
0.39107216669036676
0.29520243645751315
-0.685114944072493
-0.46117190059204255
0.6679548349909399
0.5650432653222351
0.6387707984576405
-0.11535691952320529
-0.30629468457758763
-0.6679226528145672
0.6548529834817345
-0.4176210148913527
0.9624817903984613
-0.6971023198957759
-0.15506426795628675
0.22363796520710735
0.9158431134828777
-0.3868056782843329
0.8076412700240948
0.18810269297046064
0.8140994741314717
-0.37469120000446865
-0.574267041275422
-0.6902684728880684
0.6782024047641131
-0.19587713715574318
0.7412300868471302
0.0015777032428632186
-0.655153065291181
0.6931016510507378
0.48188908228002625
1.0431427828951636
0.3697044538317193
0.33506599976880175
0.42435628796912145
0.7526743337710625
0.623544008830877
0.6990578192968738
0.5831908328198521
-0.12038931823791145
-0.40672578232962525
-0.39580134129515765
0.10088968868770946
0.6777346638213881
-0.7920822672406983
0.45083372232341445
0.48413413161668517
-0.6906605039139838
0.3070910461511274
0.08917257868124448
0.5012893429312084
0.3314005922407206
-0.8665753456727225
-0.397930192635161
0.20778326129207095
-0.4031317146757288
0.3660969091042344
-0.3224503164040884
0.10324015637682771
-0.07960354114499518
-0.03875317783932502
-0.4071320639371192
0.057419245076767995
0.10952960670133619
-0.3822419354895094
-0.5834322753351036
0.6011995747110133
-0.37042662125356196
-0.0554766192256933
0.5644528824728735
0.9011387740605645
-0.5005264158053733
0.15963518035382862
0.023064343926929763
0.7176957115827255
0.5386182890201262
0.45056586231933016
-0.3781982147322568
0.7841941520201142
0.036132990127617864
0.5579081461165057
0.6117641808677139
-0.08079357597274837
-0.8669662845232669
0.7194444804565437
-0.5531523648416445
0.3865215547575209
-0.5610052001583729
-0.2191984057199086
0.17257635622728867
-0.7382880683289418
0.43999375890025305
0.8460170291503886
0.4031322755001373
0.7807451960740405
-0.043316019100838
0.7703508917561233
-0.9270924218363767
0.24587471392418148
-0.04108221424881908
0.6355903984690333
-0.11271385552084863
0.18366301964732476
-0.0608230723169866
-0.7855511748507866
0.24324394402476082
0.5638396415730841
0.0419679507975333
-0.8766414397008758
0.09475418889897647
-0.5130466325788768
0.11112916252681455
-0.16127579187185775
0.8733720069433601
-0.22681380721465852
0.7344051459092724
0.245713586304101
0.6273967431848998
-0.5162594714786586
0.5550403784874876
-0.7368549756316107
-0.007141331796802865
-0.4956283668967248
-0.6251583788792252
0.7704749968121057
0.9184612817311488
0.9529546925129688
-0.7369548152576068
-0.6324889026973031
0.05115724259583332
0.4008597387336217
0.7470803252775929
-0.8343072390358952
-0.756239756799062
-0.17798444756859458
0.6341994579941898
0.5181507602774441
0.9222954374195427
0.8542411059977382
0.5595356156032181
1.10029331726314
-0.023976374452658898
0.03745969755238977
0.3161600425249601
-0.129965234912473
0.5322238544431619
-1.1743878178764293
0.36254126298243267
-0.18702189859720939
0.5877277049322716
0.8103043805981333
0.7565070473075777
0.5811859956422493
0.5877049665264888
0.917674960117725
-0.0375535286630403
0.26777789921191164
0.08687083766230787
-0.8560182449233616
0.48358596466516895
0.5260929550517773
0.8116525769582059
0.7541301529985206
0.15234047945091875
-0.6155284232436585
0.6099608211008517
-0.35885741380763925
-0.5332716317960239
-0.5573716203732841
0.7658867866330578
-0.641812791476763
0.5335455522989195
-0.8602578329959321
-0.2927722999058523
0.26936375063930795
-0.34322054839495
0.3457788385542488
-0.13281453468743906
0.7629602577788148
0.7153638139061577
0.8937697072859127
-0.20170245666919998
0.9413509498736671
0.9142675543974272
-0.7991036846435912
0.7899262326132002
0.6274956899875908
-0.7076114323029364
-0.3700800049947622
-0.8770031863030352
-0.913155424138814
0.08090500947052803
0.5620325026839895
1.0595912049683756
0.841473579421155
0.3755934580118748
0.05454013309263128
-0.15481940513375536
0.7610730277571254
0.19029289252288736
-0.08793813579498862
0.5802150350801322
-0.6023901895124154
0.22253595880773613
0.16818400107241385
-0.6732165041131021
-0.4520169624300352
-0.026888335127612694
0.06989795049883435
0.4483660009994616
-0.012531583603905732
1.0167733251814197
0.7219268528898997
0.10927224406739694
0.6839610700795679
0.6075049354130673
-0.19034031931121195
-0.9173721589327898
0.1716450121420484
-0.19466565097180388
-0.30985117705847653
-0.6526197333518243
-0.08845302566194958
0.1809991703565753
0.496980482132936
0.26968524936130195
-0.6251836037619786
0.8040382447782332
0.11223501476906068
0.2625435120135582
0.8402518514905307
-0.7574168717708796
0.9609054691353821
-0.5744199490727981
0.5242731294391275
-0.04336828179563131
0.1380516511467937
-0.7577903808239087
1.021845303089426
0.7745804082619259
-0.3035167750373495
-0.8811137888575191
0.007213860117360829
-0.6999298267506054
-0.9855561172071095
0.37424776989432706
0.7826555797642384
-0.5599856887820572
-0.8923702534141323
0.8667212418155381
-0.40712585816709584
-0.01477143731683281
-0.9323078974461467
0.3573119986288918
0.636977363243137
0.6360776582009705
0.6475599281822778
-0.5527071922638055
1.077413795654873
0.9299041609785188
-0.42816848146126163
0.6172484415824332
0.09261519335607163
0.4281241926597389
-0.11112851972174785
-0.33847032095609414
0.1107867422306188
0.24037359014740117
0.07734542347378855
-0.11190235099800422
0.9864971800501652
0.6058871630612991
-0.7514102471509502
-0.5478661723734829
-0.8872007375712326
-0.18715743341494398
-0.4745490246247667
-0.6919339161168503
-0.30691527945329683
0.047720074910432855
-0.8050509553515028
-0.06644091791592949
-0.024382595915639092
0.6249298269953203
0.45340450751660094
-0.21575361848284455
1.0920885008577241
-0.4343080143219671
-0.5684548256894715
-0.6117966981373965
0.18519342041875644
-0.9552014150295646
0.2971102787720646
-0.2882611931451406
0.7251436681338733
-0.05715180465486655
0.020368119533071723
0.8772828236958273
-0.6586467820171726
-0.2962200328139955
-0.6462241557601471
-0.1529781336033224
-0.6039127989959255
0.9768080299249742
0.408814451285147
0.38962445676381374
-0.014453275620827315
0.13666022915083584
0.3518461927640312
0.6279639423051284
-0.5426818670151032
-0.36619799442442497
0.23553655253661313
-0.24943290337035837
1.0026605259209973
0.04627185465626921
-0.17107070434364996
0.16298114607476097
0.3205292701011768
-0.32098964898497845
-0.9181219220140131
0.5670785844554759
-0.8463504893454095
0.5790061388270066
0.08313871450073748
-0.04736314652008914
0.31122823848156894
-0.3269372336954835
-0.6805459922667975
0.9097316310853435
0.8766396828688323
0.4085374705608322
-0.41718861492130127
0.4987344056013358
-1.0160441238103681
-0.48008868365775625
0.6841252145231318
0.1385050865924288
1.07939591870612
-0.5267951466571613
0.49148269027086866
-0.48675020224389204
0.9246168793871418
-0.5401879385936279
-0.6660556854281989
0.36717167871819156
0.41702438687508103
-1.0676882495630535
-0.2214603887829894
-0.3625566985151329
0.8133956335806406
0.09425941660404981
0.413803749455462
0.33328229222560496
0.48531868098744324
-0.16560222467535848
-0.36476347671262116
0.5494812346533022
0.5579968809121485
0.18438330903628877
-0.07011562435084684
-0.6379094522448663
0.3884190134547748
0.008919377266145083
0.08531491923082975
-0.5460843624210805
0.05823969709302233
1.1138117709050341
0.5641415663137659
-0.7056275044624993
-0.2474407378605885
0.13592456296841907
0.03764990257795239
-0.9118182524754945
-0.686731391674987
-0.895258513455194
-0.08459726075481297
-0.7351847992640046
0.7321879857450783
-0.7952975320846178
0.9175370136741465
0.725780544808889
-0.4168978611368983
-0.8321447464495548
0.9099089020889723
0.34445785693039094
-0.9194120164154337
-0.939278220940068
-0.26320436421254056
0.625397196099803
-0.21774007318366195
0.7871127726865953
0.9302867214871466
0.45565559495587127
-0.061271690495252204
0.32921274300342407
0.9339135021620971
-0.1960574255764994
-0.08037109693711456
0.6163142925217487
0.03382600700207263
-0.8177108553327269
0.43399472386077886
0.34927828712970704
-0.6287574118716626
0.25307041836862343
-0.5597514815931345
0.427135600571194
-0.6051719506685782
0.4589843934392433
-0.09917532826530871
0.08403783023374134
0.7454823614108199
-0.7547201188158148
-0.5604756177306633
-0.4735946984442047
-0.6344023410730905
-0.364702309822864
-0.6854890504769474
0.43608459240471464
-0.7411470934271656
1.1036246859843233
-0.2650620692064121
0.8315291229220704
-0.3755639847862788
-0.6385766993445874
0.31044492176652555
-0.6038941113247959
-0.09761667628544664
-0.0619721106121754
-0.9548356856727614
0.7957528009545503
0.391781687470635
0.576524585674042
0.8615014462098793
-0.24100813402179488
-0.9542267657494662
-0.9829472772271829
0.5047792044809017
0.9302258307624585
0.4107650551623169
-0.11482674942388993
-0.21723404170873292
-0.8364529274890298
0.6870672195336073
-0.17819378094992724
-0.3466242797932885
-0.10582051687613984
0.3927614033633486
0.17217908909110724
-0.8498907081145486
-0.01805251262165897
0.5880596995291982
-0.011517587181930848
-0.5862747320409823
0.6091687409612119
-0.557909490319929
-0.12527064761289144
-0.12225022124347337
-0.13559875710830388
-0.9642166283961121
-0.040702985037302644
-0.2806995261606127
0.5840432905882624
-0.08902844807659925
-0.921919464880138
-0.8948529624802423
-0.9983904671309248
0.1303918137353614
0.3326237825524095
0.38698230376075216
-0.6462146075534443
0.4460592239755464
0.7603892836202587
0.46703032383841964
-0.21336284442791803
0.641324871059251
0.21221711525606884
-0.815401117464121
-0.6040546127449612
-0.6555704557237232
-0.7231196849200379
0.42373666427349505
-0.6547372427192226
0.04760107311072325
0.5830306549819676
-0.04233039243266372
0.22869036656006428
-0.02901495964470557
0.015178635443759757
-0.8516827033594632
0.6471048721108857
0.9495564191208962
-0.3044922575230502
-0.10947001072488266
-0.8988786759774102
0.5338304930415816
0.706643672581926
-0.5998814683184963
-0.9509006005015491
-0.20322157904939017
-0.6769222396054843
0.4595117803721013
-0.8836103063271792
-0.1977857000025223
-0.46921287653843335
0.7654810089022572
0.8910517814604318
0.8163820093258793
-0.560937652488917
0.087348036347089
0.8345715679097904
0.027664812659163124
-0.2830248749198261
-0.7393170535468462
0.02492633442689916
-0.4497611240471861
-0.49595692847081496
0.33184439448977626
0.38728311808410254
-0.553883767822411
-0.3007845280790321
0.7229200735242803
-0.47768753376677336
-0.4648768330468102
-0.7588759082056749
-0.8928187038278559
-0.33332914276586423
-1.0082799128941207
-0.08784594396537485
0.2130815127542385
0.3271290405887747
0.18384398398981197
-0.4383418303509262
0.019198388017270633
0.03317667654699765
0.4493496268756419
-0.3575574732779589
0.6675048626275873
0.33783139060853157
-0.3998028882385187
-0.4120272890733577
0.7948332475658277
-0.25017498139451066
0.200558910160802
-0.5289686124368932
-0.8846674992151016
-0.07634993216008562
0.27030290496905124
-0.9799709123030423
0.6963615665453157
-0.8648252803167477
0.3354602036278196
0.5002357849752768
-0.3729389684736057
0.9442601572041747
0.10299181854175497
-0.07477917822532956
0.49917048183846396
-0.7953768262384342
0.5188566752118551
0.6934955340687963
-0.3182234431098813
0.6431523032832073
-0.11750310476510313
1.0986209772595363
0.09056912513909068
0.6118003529677705
0.6362342232098946
0.7753314572433027
0.5633655211288178
-0.7089593322363509
0.2400827305410444
0.8023880685900664
-0.24816876065259172
-0.8627064910652072
-0.16122411035829332
-0.6242789273504996
-0.37366957540237605
-0.22247166165839044
0.7438433000653156
0.6167579005986299
0.7905709803371507
-0.30736653133671366
0.8982446105544909
-0.9706216946783246
0.2331078427466667
-0.5038945881155601
-0.7641797521664614
0.0014791516420886214
-0.3693083641746697
-0.8231870660066035
0.1544991279143608
0.6894214325700293
-0.23576499920449956
0.1605859519339216
0.7992276586641129
0.1468909452008994
-0.2906205887682471
0.619229274447675
-0.8045063744626502
0.9824667436980009
0.008820267088927948
0.895480145832631
0.5180811962214056
-0.5683237817508026
0.9878409631195618
-0.009417628509246004
0.8418448438075715
-0.7114094061094323
-0.31526288206507885
-0.5847843608817884
0.9653461058123973
0.897093647407659
-0.9059593753445471
0.1166131864195663
-0.8413640659343665
0.8098990233979063
-0.7216455979538818
-0.6364580542684485
0.27172390935195556
0.07871860144260241
-0.7876259534249808
-0.7738695000931267
0.3600374186896159
0.3370544833072246
-0.9645074451809655
0.2286685415150475
-0.2498162467869128
0.9900430260502509
-0.31410497022469136
0.9558238018822949
-0.027234587829426667
-0.2514321134482
-0.855521118859875
-0.9739194720096624
-0.5459253648639276
0.867140952054246
0.3232299940258233
0.7059927764617409
-0.43236781235621574
0.14238680082026667
0.6323953984785962
0.8868430087700461
-0.9955564056430589
-0.41269246678205174
0.8173007146337862
-0.6767633224438834
-0.8662677657777074
0.9869244907299687
-0.9908479589573854
-0.6412934062387065
-0.2427700410926266
0.1259828794474936
0.3698879577569597
0.985855896726505
0.028663691748212868
-0.7715715390645066
0.49324664878907265
0.6429506262695974
0.5175140252016881
0.9808295317076844
-0.550441836591049
