-0.6042310309232949
0.9854597846656177
-0.5635031026966663
0.8105497545357452
-0.05818970072523969
0.18351213750337128
0.1604032386236401
-0.4528163246360417
-0.9816741274625934
-0.17628437640842812
-0.2465018092533105
-0.11831735752215386
0.39605385761539974
0.7286673277907624
-0.5294796275831026
0.19703415172384162
-0.5397710665910621
0.963462134868968
0.4085549063701835
-0.4465264172847993
0.027824689949111574
-0.2935606461060251
0.11434454740616537
0.37379435783667425
-0.30875848037717707
-0.7787189542194058
-0.13004659277414568
0.5077160221760274
-0.6057160695283612
-0.3933483473300371
-0.14325308189475955
0.8511970623774946
-0.19958371813785872
-0.128326799483422
-0.13573209154244553
0.765570474171545
-0.6518889176028057
0.22108706116995677
-0.12311117863417868
-0.7548984298017167
-0.8399580990907158
0.16768787087006504
0.40249370502755444
-0.6591764239133548
0.15173396657605936
-0.18854313582865972
-0.0647832392764674
-0.5630762810856571
-0.8208524460641794
0.11703984770923252
-0.25511200234722614
0.23825953584835952
-0.32634315411929227
-0.012408200386577322
-0.2715751141077144
0.9111793568222272
-0.7093842669063594
-0.7457213067443714
0.5205104266165292
-0.32189405564877516
0.15426491539839313
0.9389057932237621
-0.6817533011099864
0.1871419665301052
-0.3081785383013418
-0.6606152062201955
-0.49871513573411547
0.18470350098347119
0.1374734260536026
0.16860477581665265
-0.42284655357448575
0.1384815000570085
0.0246205626256173
0.7035505223377014
-0.1627725591694483
0.9618454173902521
-0.29500393839951705
-0.555986632862098
0.9682429674702049
-0.2025308231930751
-0.6353348128140657
-0.6835208418601652
-0.7222196386550874
0.19929367844062337
-0.9215396228028135
-0.4675445288592734
0.6795246489376491
-0.9686035265109662
-0.6154907895486903
-0.5230210088292828
0.3841485012296692
-0.5576767119152042
0.8629507050194953
0.03379397530870708
0.3245760915163704
0.24451975551008878
-0.30372185081798714
0.011805394636824236
-0.34524119962419153
0.06902604135566331
-0.3660647737943625
-0.4529834290415888
-0.09377523466069368
0.4460659767538559
0.28789545940197514
0.2681137401183547
0.33976604395218546
-0.021022416365501014
0.7099480002577452
0.09625601040888372
0.912896699058429
-0.4554983167478617
0.933877468230311
-0.5349288146409337
0.18652324950281576
0.06820133705849196
0.49536296578698713
-0.49222088007304765
-0.11018888781069335
-0.8748006525497466
-0.7654781760662799
0.37266745553521086
-0.09845622505854505
0.44477954191115165
-0.09763701783168444
0.047837941024973685
-0.5763814635003417
-0.5217870432150302
-0.18729650446736495
0.2473752882372251
0.16996195562844893
-0.7789992410470272
-0.07707233997145017
-0.3897799477068054
-0.8182613613757153
0.5106322046452821
-0.0071967663192107735
-0.3261313796745971
-0.2541923646298129
-0.9887109248989492
0.49207724539415326
-0.16547630875913688
0.044664571763781906
-0.9339430463833529
0.9637497351314745
0.9780470380746183
-0.9048787754210663
-0.0820802800810436
0.5003744819750557
-0.8839072348735205
0.6280342923729575
0.6613710328353173
-0.49577967900279973
0.08530969469306561
0.30929723968820855
0.08913346746039294
-0.12552473694449376
0.3329827707442434
-0.8468464648357992
1.1725093716904629
-0.29119388451808936
0.2221635972829558
-0.7217639353908119
-0.03902040635448064
-0.8917107398707343
0.6644989992242317
0.5841721874026318
-0.8142404586956867
0.863488155010009
0.33894526330104796
0.003324758925601465
0.3824513676875714
0.42996651108290723
-0.3776677779166023
-0.8054757051266052
0.017845329726482118
-0.24019810159444424
0.4645395825181903
-0.4069147815053597
-0.9584151407156812
-0.7359986563268243
0.021173670043780027
-0.9804867202077071
-1.1245308025117622
0.3695255359149595
-0.1379795987921486
0.5659876674296656
-0.70471582094644
-0.1541223249051622
0.5091285279237157
0.5069077696308052
0.9272573976635565
-0.23889596033934207
0.8169897870492459
0.5022627292161781
-0.7836491144824959
-0.12668124551429252
-0.9582092676278487
-0.5971043992523384
-0.48016252158903594
-0.007967156506632817
0.3290255937514155
0.5707462067270126
0.7119104633162441
0.7195534308746441
0.29441884152150577
-0.7104018476241176
0.5176472098212261
-0.80868265791159
0.00323379065738215
-0.5436989519683032
-0.458698797515784
-0.06784348523014377
-1.3159138045423664
-0.00967078482343807
-0.2866979255807992
-0.3063156342048277
0.519852392147922
0.20187470106343142
-0.03153279976956984
0.4279030041677927
-0.07613460423100471
0.5848661685363888
-0.8732824404601097
-0.8457544718602549
0.019398141938485266
-0.48988915663751836
0.891632521370094
0.41072130553313907
-1.0076558572970338
0.07938934847653956
-0.9462577618468543
0.18373287523102733
0.11000372462618678
0.5469185080668553
-0.5183906274216087
-0.07464526798693334
-0.4022221780160408
-1.4037175327170464
-0.3586296749910725
-0.3489904086819762
0.5468337817441019
0.46370984693064426
-0.6439452288163304
-0.707728812623604
0.6022334441824487
-0.9424031274886163
0.2841946024406169
0.383485743944194
0.11046907278050677
-0.4574877325578675
0.3565749514949141
0.16111449168522535
-0.19172919035209646
-0.7692669635146783
0.3371688562448823
0.8625022577825915
0.529590745748466
0.31553467596060675
0.18286374031496855
-0.43891513544132793
-0.07448310729005078
-0.7508918850224982
-0.33701792621721666
-0.19030582600592813
0.1368505304902375
-0.4381112629986117
-1.363205817502005
0.32738282705752475
0.1775408848152624
-0.28751053827962547
-0.009596448600843863
0.20061107961708288
-0.6019120981297656
-0.8198969559436163
-0.10254636885922087
0.13647301827497743
0.6446488035835642
0.18014910802908346
0.7832480707828603
0.3559345189760834
0.6936210273441411
0.4352124684964061
-0.27615964641095814
0.6071364052957737
0.1158772820465233
-0.6058222147202824
-0.6602264592567626
0.839907870864668
-0.3863229234682177
-0.1304282273618163
-0.2863655783869499
-0.3777156523497896
-0.3489439715441461
-1.3881382805228792
0.2449871356610477
-0.5400540183919067
-0.04898977675371161
-0.8611167619392642
0.21656566196019153
-0.7522151774595429
-0.5890528029449229
0.6385012547530718
-0.3032374283219697
0.179473131927129
-0.030135177956559917
-0.31495700465006965
-0.36155025456621415
0.4873095824576406
0.18924354372101504
0.5146896006341767
0.21278327668999336
0.3433799036662548
-0.8263577237627557
-0.6092774470766223
0.07739831257376391
-0.9314111023799535
0.30753557701765494
0.050043885354263865
0.7737678109183816
-0.2043020501826932
-0.3392671591112932
-0.8019633813604005
0.44849742208292426
-0.23641857963099958
0.24942290493220054
-0.35827977541111017
0.6204644181915545
-0.17726593056112006
0.6821857462689815
-0.8184370699011813
-0.05191253114472967
0.4420391397795305
0.27855881469381133
-0.4557133461219708
-0.9757892574196277
-0.8512747497265185
-0.8230263178008473
-0.9942586512980496
0.9059722381022896
0.3148315345962227
-0.7183726396936924
0.8124653700862405
0.7056778847786553
0.561420484927167
0.3843911058300649
0.6234923891332048
1.024737968822765
0.20681975009484527
-0.7078906515468302
-0.9403696026434796
0.07054439138167432
0.9126749491091146
0.6904739283606892
-0.4748561089474295
-0.2959605216297033
-0.21771853019053722
-0.09974495715746926
0.6341559902940406
-0.4566966749842605
0.17227482626046586
-0.13956178737404557
0.7304029053089143
0.21041277035776262
0.787506093330343
0.4368698017576485
0.5841773330678603
0.41596055805654353
-0.23879060787665365
0.2591526980871392
-0.17160771707781064
0.3957965812720484
0.33596332388673283
-0.006709220475164537
0.4985802891055721
0.9809497140209034
-0.5754911407965322
-0.35387509051102883
-0.38605815163996127
0.9102128450278203
-0.6488404030972077
0.1957401873107545
-0.43314511346559026
0.5955636858865853
0.8647750285143683
-0.3645075078257594
-0.40839163676061646
-0.5078280180570821
-0.501007711371404
0.6407799247115806
0.13470593054943564
-0.06507163972203368
-0.3674947322973739
-0.431141921832277
-0.7876687035851012
0.6498386380805876
-0.5995160145296609
0.2281312805176501
1.0160475943859983
0.33843258448836055
0.6267940819344197
0.6284708752724651
0.47654051110057977
0.8239632863922856
-0.10043369656206058
0.5168050529401579
-0.6679054605449187
0.20501662847904623
0.9883870969900633
1.2188766039343326
0.5051260715496252
0.9114157766211242
-0.08999995857079235
-0.07889365892574962
-0.01599050453754271
-0.5201412584776722
0.20761373711132655
-0.8265774019962902
-0.8489966784323134
-0.11012425871261504
-0.5388983472633301
-0.04228522456831576
-0.3628513787327042
-0.8138685427082523
0.12030525283249473
0.1390867536115549
1.042641471596717
-0.4994397169975022
0.5095322513802371
-0.11342156200792396
0.6351788735463698
-0.26776137664832855
0.00227144212466948
0.19348577787376886
0.7218260622231929
0.5305700143759381
0.06485500284202357
0.5534214699367482
-0.13937490282836257
-0.43559559353474003
0.1855163927001102
0.586195830163541
-0.4908888166166102
0.878320024677135
0.5672724860910333
0.38108622373090356
0.4029360473337335
0.6075744597316324
-0.7798499752081427
0.9257121716960546
-0.9471322437269984
-0.39658420519319215
1.0145364807563724
-0.5548291981452006
0.9978582776728991
0.7131864766017451
0.906178024216997
0.6632995123194894
0.2969243315216198
-0.35989185268594814
-0.154278677989228
1.1425599714914263
-0.4865833768655019
0.12882498181704458
0.4994869864434307
0.686337925970459
0.17382482312299133
-0.5690275749642042
0.18878760894475133
-0.10322533712880817
-0.501506539674143
0.3822807781678362
-0.2099503808672391
0.636453973424031
-0.7080139851949239
-0.29859326723050195
-0.9400539696667423
-0.14063057426502837
0.3378279193596352
-0.4791479381317729
-0.4527371504224523
-0.08903187108147195
-0.5218348741434577
-0.39439240836739525
0.6629811468891463
0.7274417180961402
-0.8808946541942759
1.010247480897964
-0.36788529523148633
0.052941115374923894
1.3468005062558126
0.8232951991896792
0.8519169674980897
-0.28278072844353996
0.48477315212229144
-0.45315072946761786
-0.32365651915403015
0.817659758935858
-0.8108995140534576
0.1392263860561098
-0.33161393926783556
-0.6474969029773927
-0.236604209272212
-0.2424442755064327
-0.6721595383749049
0.9942636414217847
-0.9581864337219081
0.9276998197955555
0.18095267954882915
-0.008276418642587246
0.2854440756500022
0.08410753705289775
0.6171471057114468
0.4429426813996511
-0.42993905925409714
0.5926139158717
-0.6128350563654308
0.2646572237730965
-0.6104043148275414
-0.7423498554121248
0.0881300364590089
0.410522277283547
-0.03449719706515026
-0.4900000790921984
-0.34747097020014256
-0.7204668349339477
0.23858424251779933
0.7160870391181338
-0.8128716692153752
-0.5500077928723638
-0.679187991639886
-0.840399261373995
0.049237826467162044
0.6124257372055256
-0.1796434299473035
0.8661777720741397
0.963149462001237
-0.9253789909522182
0.6329341385954136
-0.3512240404764243
0.3885914581313948
-0.4585113429156993
-0.7545236940519732
-0.6296652297585341
-0.4412650357763466
0.5727258379280523
0.5470143542035284
-0.16527697040595957
-0.28358859136605896
-0.4270999362534458
0.7995550338409043
-0.07654489624554577
0.398619243683924
-0.76957170673028
0.1298367032508652
-0.789642645950163
-0.15061822617776752
0.2686570132231954
-0.11416785362728911
-0.13006504538759484
0.052608998835980206
0.22467668801711468
0.6646057025755063
-0.9636980478926345
-0.7670831896304061
0.06346392053128246
-0.45741115096056045
-0.8406621003360009
0.19807189474698045
0.3089418081296067
-1.2943389252849329
-1.099061126869298
-0.20318470972889885
-0.23612821840096038
-1.371521232114794
0.5985980924062312
-1.0259548993339287
-0.6705765439820914
-0.04533468791338437
-0.9075518560303381
-0.5134862047665032
-0.13478924055173133
-0.5486351136883676
-0.013523014722001434
-0.22693034957616826
-0.7095450936549316
0.21726579776306532
-0.5532588766196579
0.4925274119066789
-0.934579254767258
-0.8307935826499733
0.4894972090898099
0.37566892396759183
0.04690417388440472
-0.08521756413890835
0.10082819363444766
0.4463669957351137
-0.3130072982180424
-0.21785140181343887
0.2581332753906425
0.28022901524666227
0.5826162763289124
-0.31456650634306754
0.41131450908423256
-0.08288407826584307
-0.09777972031363169
0.5042313708028273
-0.5617975651049856
-0.22146641647865517
0.5608810955796517
0.0753722933384394
0.5821036944379985
-0.35770055896513153
0.0714699194302076
0.5038298358556151
-0.4685541306851224
-0.10977815223127137
0.7167347293570793
0.7172976498827598
0.326063120712191
-0.5346239044874148
0.7810535024323135
-0.28239136813352433
0.28794952840398774
0.07604650227838826
-0.842267254671544
0.7011358687759848
-0.7264292056188713
-0.7591550314105602
-0.6698997195710505
-0.7461034953921585
0.7259643493646272
0.3996149160411393
-0.6646426856037299
-0.34623669925704925
0.4832031312449162
-0.7074000928941818
0.9784588087736191
-0.6467121060773952
0.8308433732222944
0.9814601973252721
0.8389191627298088
-0.09033505783238303
0.8805609632161646
0.04809604280184368
-0.14849611610948035
0.8194909200864947
0.0006210481651157142
-0.40070332344718473
-0.6014524904459195
0.10498127712709396
0.46857146905178354
-1.0606697935245797
0.018387848843989228
0.19858608256700794
0.3647224195065105
-0.3107287422608099
0.17975974816924026
0.1788842568294345
-0.9108611863086171
-0.6680183031956993
0.10016416429610361
0.15592683536849122
0.7452737375733225
0.03249006497153616
0.8841223296570521
-0.7001878111362961
-0.8465216395561731
0.05185036336851678
0.10878529468921237
-0.648987305189591
-0.9792225627762123
-0.31316818276985947
-0.3167448198549225
-0.07813565819291732
-0.22351787840108617
0.9506373519404852
0.6176183801808784
0.29782682944083305
0.5091195716650226
0.38653569798527604
0.36835284234418547
-0.4639696698683721
-0.291009386962606
0.3874298902650531
0.1287325352499775
0.36341584142306044
0.18733563520714275
0.49276664998812003
0.5134198073571787
0.20851774086064645
0.7012274715988189
-0.8671725555084648
0.02884804877073213
0.7439840487947624
0.09635192023827924
0.010201234148622281
-0.11520882612183773
0.829208045455238
0.8711223542755901
0.3166913795105034
0.7499215494733936
-0.8888490494643393
-0.16995375002606333
-0.6732732780686723
-0.03912440529117985
-0.2689668590815866
0.8823542644361954
-1.0407131185548242
0.09945410715058375
0.2400950073131034
-0.4268090862957899
-0.5702440699971751
-1.0003258790291782
0.5463137720922114
0.1730663027842321
0.13685261850853542
-1.3175625708229928
0.1411161909335662
-0.06375675624200745
-0.5966044558944789
-0.8695813620759001
0.4580705494277475
-0.5375140921953798
-0.2535367312643736
0.09188073273623777
0.6328971439699064
0.5421796557165866
-0.1951996445758485
-0.7105001856621926
0.43666159029919394
0.2744183046832758
-0.8994382671166068
0.20436021534901172
-0.8449216986334651
0.6592250257996847
-0.522117558079661
0.6510331245224232
0.46460649579865004
-0.8959219682468389
0.567306456231709
-0.06649775489090838
-0.9836247498966953
-0.9548147012123375
0.5175036455534622
-0.5400035291430275
-0.900253872199106
0.42891720140462236
-0.8211213277333755
-0.5926886501564863
-0.8170314358060444
-0.9414783126299364
-0.017900668027019447
0.7078117100582596
-0.2855315441205392
0.818616322431449
0.580802811163008
0.25320708593335955
0.8306645171178073
-0.6661743309192639
0.007846761912572962
-0.056507175772300244
-0.15222223822781467
-0.7278214640807206
0.7213679265539459
-0.5558205672952701
-0.2836282946674635
0.15351215218096453
0.8636418281250867
-0.5155058208228952
0.03228610110199446
-0.18190768516269595
0.47676604504435677
-0.12674259787939118
-0.6943897664867857
0.9646488167202473
-0.7693063891960158
0.22508852917648656
0.10439231669811071
-0.515933526786691
0.28125957674332025
-0.15761171500680066
-0.695704784398584
-0.040474150539081134
0.992109545947983
-0.8982108063445498
-0.9613172376207182
-0.622006144342833
-0.48991158316184436
0.7968302831005264
0.23028028037460474
-0.6474838383194708
0.6580637080823928
0.14468636717473884
-0.9529933341677425
0.8977440171980694
-0.11514460694503874
-0.032216395826335335
-0.41084581625585714
0.6019593674001109
-0.35364140783855197
0.7732669051141995
-0.7524356276171813
0.132970059825433
-0.284663262124112
0.24320697714114048
0.12105471520979197
-0.5978193252062748
-0.5310193266017257
-0.866229961358913
-0.37071663033297403
0.333682587763808
0.82406492446299
-0.1923576438979571
0.5482896330012581
0.29701709373921037
0.9758772770751238
0.21580597028237367
0.18078468416343252
0.06593466468363153
0.9621611966841219
-0.6163061761328822
0.28285889676975234
-0.7020695309833828
0.5996252675031436
0.5173333666049744
0.2852069918100994
-0.3159601038382223
-0.16447238832589003
-0.2128416011053712
-0.43593160650362167
-0.9635586792682046
0.7493388233549594
0.8237692329311069
0.42987895112912855
-0.6543786663873444
-0.3660767430799878
0.3244601637318372
0.5308283691443837
-0.5638672225312106
-0.9024527813350279
0.3188525766739626
-0.970832274065556
0.8150358037142106
0.4397651846670351
-0.09664522291944545
0.6958913282499776
0.3276685893832813
-0.5546545627441389
0.8956460986196756
-0.7841311419959461
0.21631012660359514
0.008466018516991844
0.4444596663114875
0.38389970858785016
-0.7473539744592161
0.11309746021220074
-0.8631046980330468
-0.582182849182729
0.7498320975294795
0.08503385565643737
-0.644291133884071
-0.3255203024070231
-0.32967536842427086
0.3605332150551789
0.21172014219150712
0.47772864697429424
-0.1473017399118992
-0.6528204030160619
-0.9834308381516331
0.7155612395652531
0.7737947701654904
-0.0016728156911920635
0.0388015622574379
-0.7072514555530264
0.284017362912072
0.9092543995702864
-0.11958185449033518
-1.036805000282958
0.0724313042057732
-0.38420891968773446
0.24281717026651423
-0.3869072388012949
0.2611990781103966
-0.18307600845916633
-0.9995370601883002
-0.985005990998111
0.2760493540160114
-0.46741711812357073
0.22022600779500925
-0.256071870258732
-0.1380110282936521
0.07989976900473228
-0.3209175709581722
0.5811678495827223
0.3575592455771296
0.9048883853862454
-0.10446703780035499
-0.4621151631590302
0.7947491211504244
-0.3781737862410535
0.6465693685518886
0.4756031201848263
0.9216738028036573
0.6504548931582014
-0.3144875289858987
-0.9566125304061053
-0.5350257317881159
-0.3720510042457898
-0.41179568719740667
0.2520820530167873
-0.16491041032422998
0.14241815648608686
-0.0730903951009168
0.6969927200262542
-0.3731738758916714
0.637014423528066
0.49319414750485113
0.1271606045254341
0.3741513031442377
-0.9157747290060358
0.8056588163725357
-0.5947903528138123
0.5387295857760644
-0.9266152710153815
-0.9042652741502061
-0.9220844265289767
-0.5077793872502236
0.0666491223481567
0.2805776664694462
0.26090664424911597
0.1092127134343443
0.7547818160524651
0.8631294304404943
-0.052047169647349345
-0.21751881493199882
-0.07844782841638023
0.12839586207372874
0.37424893423822553
-0.4489551223873468
-0.08898951996040778
-0.46274794062255814
-0.3264343113405148
-0.07777110473513273
-0.7627524221664662
-0.6142326503846518
-0.4944814001346956
-0.5361886024401205
-0.3630113749533133
0.47284628413433616
0.37291876163646664
-0.9590418248402539
0.6764341188688592
-0.7288656171407989
0.9916149433267821
0.5466873041683505
-0.25724496508627015
-0.5126824271912613
-0.5685503426571571
0.610119751263539
-0.8668276539941088
-0.4906817405472436
0.23852586128759792
-0.5605219900579936
-0.3749994255935964
-1.2755815963511927
0.3063227630899072
0.12269486415761965
-0.08164301557990777
0.5999075161195835
-0.7683616794919134
0.03407682420701738
0.852216751229539
-0.11886273931471238
1.292566797694963
0.7695360333515233
0.8546175263526538
0.04026617905134094
-0.5014202411958854
0.4119349845332762
0.7800298890653964
0.1529535847201783
0.4380107890781924
-0.04235089433936298
0.8112134242964043
-0.007782102622359139
0.31864322628273517
-0.7715435005243492
0.8981471331205289
0.8215385415233326
-0.4739133806788359
-0.6984611527007654
0.41121522054491655
-0.9550623036017037
-1.1358161948712908
0.46380903848320854
-1.3354532709259062
0.3166886851128177
-0.33089696388127776
0.06728075007619803
0.7255978205374175
-0.22862048982880998
0.38458246855570594
0.44263937147038396
-0.5224863919485881
-0.6299793938921044
-0.04170684595990157
0.585903980197103
0.08862789380781692
0.5306188686366335
-0.5710883285252649
0.5990746861393456
0.3615076300010769
0.8515518211283594
0.8140081693640477
-0.41887461400576265
-1.1194767337429856
-0.8822789398790505
0.3865881176631264
-0.2906234619803937
-0.5665139216296123
0.27831121413561166
-0.849783871477383
-0.24128674334376105
0.2317820057983766
-0.8287906702834117
-0.10997956290212202
0.3704916009940392
-0.38028246816341776
-0.7561540089811724
-0.6545114765751254
0.2530472479002476
0.12361281152879185
-0.3988987190541363
-0.3468736104735589
0.8329511559846223
-0.8181739979969473
0.3326929473737157
-0.9269064317894881
0.6658699752829814
-0.32487536837923475
0.5943190757169088
-0.5954415215570674
0.16158312346398707
0.8224544766572864
0.6037311105277148
-0.11571391737807364
0.48338186641584313
0.680520149950889
-0.5385812334984695
-0.5433775612421358
0.04424737647521629
-0.37036624240409416
0.020799523505563182
0.19653796762191209
-0.14229789087186473
-0.7465090642410572
-0.4224719527645834
0.3828716391463385
-0.34124407692853737
0.2858881279741395
0.46580349416657935
-0.24932779722127096
-0.29335387978266025
0.6076990074175921
0.8742909026827304
-0.4148731613350286
-0.6319420876242486
0.8775303859462947
-0.9874844003396417
0.293492411373144
0.8512028979042217
-0.1695295957927748
-0.6453588993249592
-0.684719601261759
-0.37837070861511235
-0.25204764086731474
-0.8373278941514808
-0.3267200390493825
-0.565241415243427
-0.6662534999775886
0.3446567385013043
-0.5315199646754718
0.1031067685457224
0.5353159155426123
-0.04230136192750282
0.5028533982229567
0.5227845634295016
0.663886769227764
-0.32553152928024637
-0.5169731327838926
-0.3001887019301435
0.9648048572153611
0.7800043995662367
-0.5843956443357686
0.29010959474851955
0.005010296991872277
-0.8714163718109659
0.7328340335470888
-0.4859133359454443
0.07804643877750697
-0.47765790497494454
0.1400241628542349
0.3409578509647497
-0.20033775437514773
0.6743299194254889
-0.5727935046232873
0.61620087220097
0.30650587506701577
0.7616281369126923
0.5227607444817898
-0.39140161757068914
0.20329758648325508
-0.46925825250385933
-0.5571761001671895
0.2972078177785973
-0.9591387222958873
0.3177476437229077
0.21799789253180302
-0.5321923634988466
0.21248664999341133
0.4211167556215278
0.5473844839100013
-0.9520142415781007
-0.35155111399526784
0.46609177127197343
0.4071265403808709
-0.19175292762885712
0.844486609841469
0.5987455637117334
0.06593627244611427
-0.4628119324404197
0.6049769178156099
-0.7073795919818652
0.0307200614688216
-0.3589000480538049
0.6225836760171926
0.059690186507839076
0.05868492614763002
-0.6646573739394054
0.9461775384110772
-0.5204083611776095
-0.5114154113807563
0.7877427646095693
0.889858890613375
0.09747974471623384
0.43735566328280856
0.1525947372146066
0.7299346932543608
0.6326478943015711
-0.15377798633397846
0.7879569318946139
0.09076636109926427
-0.4192206454629352
0.709499562606201
-0.09042100234061379
0.7839156763339703
0.19703174549238867
1.6720093599783863
-0.22761796622626684
0.7251323804357126
0.30074588458403345
0.46456384481227914
0.16889013165852532
-0.22996958554474226
0.6430193940147022
0.9084080195442387
-0.7480401782200596
-0.3535733108858267
0.8471181276645117
-0.5428503134516636
-0.3214584362990787
-0.8427132231231383
-0.5643888254005791
0.5312192034475236
0.1639001553222299
0.04642674333889516
-0.513796078466115
-0.3136319326322438
0.6839136842737319
0.4697957076047165
0.5495890877936283
0.3479037917484825
0.9034900787632723
-0.35612424090795
1.0908812430155546
0.8182400122327234
0.30338424955345394
-0.5012663649246379
0.7520242410034557
-0.9493331443895099
0.520671618238595
-0.12066701723320963
0.5729405576383692
-0.5233038350124465
0.7233096260873108
-0.12723544789876787
0.14594985825365203
-0.6575166172839522
-0.68950706052155
0.7635264007901743
-0.8251591516832626
-0.7607651156926148
0.29253344628885486
-0.6411074910298725
-0.6377199199553897
0.005571947506824793
0.020739544108809824
1.011300787944155
-0.42590861389219137
0.5839018933691255
0.0480152789294934
0.9039956317419355
0.17187291378082128
0.14733026193082063
-0.42723816426319206
-0.14060524212864936
0.6171840363497113
0.9509110964788831
0.9428831010185458
1.1152687948523996
0.5742090722560154
-0.27977158748354414
0.9007190874532703
0.9664959460570268
-0.7923748428979113
0.11064026448740696
0.566580381148007
0.33113164361808534
-0.9601412258645017
-0.4239859659604127
-0.07576689365725649
-0.578966532599962
0.5808493959079097
-0.5232919066336635
-0.8578321428657485
-0.8730104114117427
-0.21726856541995274
0.3599233602655427
0.9384166451216707
-0.4253371791281665
0.8087132527187709
-0.49021170555767934
0.7290006968939045
-0.6861739882631099
0.5519611480339219
0.1989975506061648
0.2740105242086672
0.5828020252109922
-0.3641383223152697
0.0839846832186799
-0.025799395984087314
-0.8013447827313074
0.6228417290502715
0.21841287038276214
-0.25268457273123884
0.5717017647757736
0.006429469559621835
0.42128324074613377
0.8553792263397163
0.19701750449154828
-0.608348728371895
-0.9886295018511225
-0.4804792883509642
-0.39431771653931313
0.07414629590003957
-0.41030473899579084
0.29376080002756805
-0.20020258701140178
-0.3175769274259116
-0.08351764744051106
0.31603158029270917
0.3276970487554985
-0.12596271931465525
0.7467523762637731
-0.3678038515736119
-0.18631732191732844
0.9621613231880398
-0.4906306560013973
0.10242919138940844
0.5816794222923025
0.3700371893336408
0.10234853560686576
-0.8590929599487239
-0.020904587271699953
-0.05864479981546398
0.5513123351391125
-0.9006467028407161
0.667459248900483
-0.5085842861700277
-0.8419684286863944
0.5762024351421946
0.4177590523240105
-0.17232184832798242
0.20355734913292803
-0.584071594787631
0.17692953468935774
0.6934868761387769
0.2961906133117573
0.42972250501453735
0.016306219037467425
-0.4448976124399056
1.1023951957687945
0.8950721947172933
0.26109668395440344
-0.359237592596541
-0.0202515399052006
0.3391167810933009
-0.0019592970311575696
-0.01890660001496116
-1.017901520508501
-0.46561681931626886
0.28889560249716273
0.7613364059219598
-0.8930186934798925
0.6909290440702958
-0.8811638800464189
-0.4934293932235996
0.025727811197563514
-1.042074324164522
0.26163190004519593
0.5348023746964596
0.5073959882684972
0.541559923487934
-0.7976688820506985
0.6600933156323725
-1.3058375357635101
-0.8134349217045564
-0.5012418104181704
-0.23744525714610168
0.19471838711715703
0.37240573294788626
0.49602005338613786
0.18251704311994424
-0.4892914672934474
-0.34758332026017463
-0.6795248845339101
-0.5838665427723966
-0.05332834028411306
-0.7789818291249845
0.9325142271215588
0.4131900466366943
-0.48107666659064613
-0.33582695520077527
0.8947077982251506
0.8818155073701143
0.5144398122427735
0.8159296999331224
0.7831972869036635
-0.17278225586909385
0.3379269188537476
-0.886420895189783
-0.49343198187725107
-1.1952272717065304
-0.11371380899655607
0.29503838873897353
-0.8752641342556393
0.6172781674141063
-0.6093783746693601
-1.0107467892122102
-0.36056089000062347
-0.8854854862287944
0.11550754081843619
-0.7309824455747341
-0.5550012162999363
0.2852996494242629
-0.20788758399581012
-0.2549916706087384
0.46790215223057435
0.06856915511320959
-0.15044384866582416
0.18076222823770308
-0.06280881969118755
0.6360706325687959
0.6278030150451649
-0.6395245775957631
-0.6319931917680818
0.5376439281619095
0.009055833675257537
0.03850175958552024
-1.0155096089492446
-0.5199472480002828
0.16037478396040725
-0.05910082750590622
-0.030870954646043065
-0.9727856203337572
0.42020380223028325
0.7411854589646246
-0.7683661748705121
0.3724513441530221
-0.476629764897038
0.341952330722965
0.5639654714620104
-0.5103891601700908
-0.26547874295670665
-0.25064137220317206
0.44711392228121793
-0.12392021893222872
-0.5214128466351275
-0.2912498093680552
0.37203412211448916
-0.7233428958400253
0.014769659406508021
0.7165399352491337
-0.617800362007104
0.17580256625872626
-0.9167813912405957
-0.9684286527532205
-0.5359810088546622
0.23622793740212808
-0.8691714558359015
-0.7981919306981574
0.4558872196295683
-0.5794604733669423
-0.9943021249821422
0.7692788678073249
0.8383873335733236
-0.6285449738418831
0.042435583612092515
-0.42467682758725006
-0.7595760634872134
0.8460808988792256
-0.7040834814789623
-0.3259231334918199
0.4557515626891081
-0.26601267306774884
-0.28578106918843466
-0.22198136488804524
-0.2578882933151472
-0.8586157734320939
-0.8912575583509029
-0.2873587406516607
-0.5101194687184591
-0.030721969675041084
-0.809437808980681
0.3757418166567903
0.0005754397661262224
0.08304257102825076
-0.17394492244669468
0.06222324854006468
-0.5809808047920639
-0.03509086543548124
-0.2814844472727541
-0.08484154072899466
0.609414447289729
-0.8160344819564685
-0.8334446920429744
-0.11820958703018282
-0.315349956654776
0.4488774379921391
-0.49282724806588635
-0.7385224999851134
-0.2746017916528196
0.46482564662336373
-0.04244301193912672
-0.06734286992823156
-0.20797023039841306
-0.4708595095373135
0.8906979666730546
-0.17161404728710283
0.49480481664767395
0.16251628014033442
-0.7324825253768227
0.9203273219127927
-0.2957463344254665
-0.5516142276413218
-0.5046573439187223
-0.3887734114809048
-0.3698190147404749
-0.05615770551910401
0.17775563071705003
-0.7152002437502764
-0.5144959116138389
0.7544182344492584
0.8444077013358285
0.066202767051673
-0.7693442242170911
-0.6120469238298629
-0.716633730287456
0.37361742974382917
-0.05909856445866287
0.9807566295405978
0.6316987095607157
0.6700012961109597
0.13169264893014723
0.7038043797385015
-0.5885268435553391
0.13655899772121036
-0.011744590478417216
-0.6099876108782731
0.45585122914826504
0.7310370232357988
-0.8939898830306021
-0.18361127576160885
0.7491347146903348
-0.6128656177669644
-0.5989845462595311
-0.36840205112501484
-0.8904053012247636
-0.7223293578369813
-0.3299159822878824
-0.7366879789780958
-0.2862745072413336
0.026334846675294375
0.1285593212219026
-0.19338807209556744
0.5363461673161726
0.25946963553892294
0.25783958011701713
-0.9168759122125245
-0.5308386218136113
0.08341672621636821
-0.14795072323684527
-0.9175719491429326
0.6814549410920957
0.0185453641823629
0.7260140267783248
0.14677316595761958
-0.23422940253116017
0.7060779634161026
-0.13917815486682794
-0.2841587340424246
0.44089279807751164
-0.016269680655620577
0.3270685214905317
0.06284440185290573
-0.9817903090413522
0.809613623763518
0.7199064093541582
-0.7426882228417714
0.6226157157056809
0.31486087139594177
-0.3453859325173728
0.9304180315014723
-0.02595619402154051
0.6822995699582516
0.38707121192084376
0.06493818893594228
-0.844467731356167
-0.9029308208897265
0.3821487533042491
0.8487097046236115
0.05961861698160669
-0.3455695434594541
0.09778118229391615
0.8406858080683662
-0.7996032708739917
-0.04503030298740374
0.8021680049646234
-0.32454140691658795
-0.2619278799408943
0.7453252367441386
0.3417415586980261
0.46804996037219443
0.31648843838659474
0.6190354300722258
-0.1023143394463604
0.047934304182357
0.12341128108518118
0.38936172108824013
0.343341986159333
0.6609199338971985
0.9612819388341044
-0.5564879352938037
0.11122480791846479
-0.6400635141977757
0.5126757141702603
0.20547441240533232
