-0.7325831389890624
-0.8699780180956678
0.16477960383288093
-0.05406751765682894
-0.992117464204721
0.15313161098962244
0.2013194275013573
-0.2907910870687409
0.061198924034580916
0.7691005299489797
-0.800567113427827
0.6099216163820707
0.7983091173078518
0.5364689365976523
0.21327737545295974
-0.5193222043971051
0.0314640617730242
-0.9822913354987615
-0.6929618196183012
-0.7547937156125274
0.27538566937890296
-0.8212225171006462
0.2788471469381361
0.15192146543317328
-0.30953950312741985
0.7551861267773524
-0.6355121454761166
0.6621226803411715
-0.8985813750568067
0.5921188312152181
0.1629457881504834
-0.9842179936407247
0.10224983571961306
0.9055697383241066
-0.03786623362769297
-0.6442660658141158
-0.8690007873366647
-0.6738591649110635
-0.6765449804013577
0.018746903169050064
0.9104891018134169
-0.41046796760626086
-0.6292585565532476
0.8151388167348189
0.9005461990594368
-0.500379748552123
0.49592940468827756
-0.5859607910434194
-0.894572778903111
0.6882196704983815
-0.8334354780778248
-0.9080588398283752
-0.48686476363798975
-0.521413165657505
0.20706077950696578
-0.5100326489579468
-0.41292880055592096
-0.3223804699179279
0.7465134359494618
-0.8540143051313617
0.7388599519075665
0.265612919378949
-0.1612304674833833
0.020955246933515505
-0.08187326976995596
0.35903049159732225
-0.0958033760286238
1.0123596338219352
0.03532155534619655
-0.5056440508793435
0.13752212524819174
0.30364129510278376
-0.4007532849890489
-0.38778079524549935
-0.7855767188503764
-0.6389646913858823
0.9115666928334193
0.5957754917087437
0.6516293243424282
0.45983923762679146
-0.6846205154566639
-0.8897994571209153
-0.7702265475998213
-0.08615459371419927
-0.47771016058213844
-0.24851715582302633
0.4876603185903934
0.18466935097909798
-0.689994001463494
-0.9375678587119197
0.22334915987776624
0.3304627062470767
0.2679699486140307
-0.984353567860498
0.6319483543711226
0.959052408357508
-0.15425565095199967
0.3655055242470745
-0.10731416928655681
0.34231468535126547
-0.07242059120301249
0.9035373046980436
-0.5288399672181828
-0.8950864671036773
-0.6037452877477991
0.6894832632935012
-0.8205804300336503
0.6874798977687245
0.5967450185172457
0.9466001238545239
0.3056802134169812
-0.5681521327673211
0.02394494835205615
0.7197099929196673
-0.9392888105482031
-0.5995768386186964
0.5784289893538144
-0.7011312738828568
0.9006668487551679
0.7421076727009462
0.9302757726867096
-0.1664370802592867
-0.12438672006627927
-0.5937544694305681
0.7420593986562408
-0.23265825413648522
0.795927540521019
-0.2906215348339843
0.3011234355443983
-0.3873475184825154
0.3798536088841223
-0.4002508384481975
0.438782117719565
-0.6999914132259448
-0.37008645380591887
-0.6692184961332032
0.9485435262858235
0.2540331690768742
0.5436081435002932
-0.9481936253274533
-0.38479022668660817
-0.5249273917676603
0.6689003974215117
0.9589027859044728
0.045358298422604346
0.5127494022359197
0.3704452272182178
-0.5096009323173422
0.05477321414547232
-0.030920745246691417
0.4843680098366732
0.3997519832910599
0.5620310287420325
0.7183496930703351
-0.5562439235347515
0.8230214041053915
-0.4346545769194132
-0.020079848468553964
-0.7482759495367847
-0.15620645875695502
0.26155209242456556
0.61478000590371
-0.9196797794367066
-0.8086071329429136
0.8453190176774357
-0.8012984642600871
-0.10343668755335596
-0.9793748045267484
-0.25487624997307606
-0.18472439111436748
-0.08043260586554044
0.0720916094868246
0.4684871848032414
0.21767917872427256
-0.4515215924185809
0.9214783445192996
-0.1440081292747124
0.25116432507459985
-0.3264358695552317
0.4494971385795528
0.045375270610611335
0.4567177162666901
0.19765667899811837
-0.008871072756726255
0.4304314879376798
0.890064206738043
-0.01320476056497406
0.2664372531014672
-0.45771626614122435
0.09762970766497632
-0.994690380691975
0.5283010302540243
0.4191142477949993
-0.4480506262818506
0.9915303037700539
-0.03996131930727287
0.4403258926091731
-0.7197492504562948
0.9364833167629825
0.1256274066741823
0.11138401482095577
0.8102051792303645
0.7113646850918162
0.3408729492916156
-0.22679896702598654
0.8279194483142166
-0.09527578063678628
0.779807558060323
-0.7597966655129552
0.5041522233797446
1.1346236158741214
-0.4263551922196435
0.24352562478773643
-0.24307832162419252
-0.16983760052399557
0.6814181231868054
-0.2630119428176901
0.46320458688915744
-0.83602422281063
0.19421890787303153
0.6431724935537005
-0.5389698982804837
-0.9039247655217917
0.5727555031744334
-0.9303521629651555
0.4471419008356336
0.5602713107510936
0.1118047451878147
-0.5401446759758158
0.29113519777955593
-0.6223092209014058
0.504195177660589
0.3636788480448209
0.30431621859540914
-0.04471684999032752
-0.9320626135169051
0.43589434108037095
-0.14054236393349356
0.16944729728674096
0.45348603309358193
0.7695255939292882
0.6805533868431007
0.07627164296437852
0.25297294053514097
0.3036391605953338
-0.028677708012470323
-0.14428585162483654
-0.997441267692478
0.0102310130434307
-0.8569334751677654
-0.2980836529654593
0.211898694090883
-0.4031416764325706
-0.8182986348489608
-0.342876886660777
-0.6715391221288421
0.54325289264471
0.3949170983125568
0.7693640371982959
-0.7726762742831864
-0.5771367092219997
-0.6652878946206274
-0.7108325548804196
0.1944395367045852
-0.18062391618607368
-0.7015281443823612
-0.407233416518868
0.628201817562938
-0.4137207560140303
0.6261414570924301
-0.6910133510427802
-0.5859023688053034
0.659545854450278
-0.4314386961882789
0.6157531416014383
0.20239485009586805
0.12521416960180973
-0.05117136941023716
0.654137156573014
0.06437067930578293
-0.7529676317878847
-0.8942121552717814
0.25280419025763334
0.7972802163541736
-0.6049888373494097
-0.29533933764134895
-0.4200860400515358
0.15807904403299508
-0.9240747768308233
-0.13703528210354235
-0.5587982712968801
-1.0830061269398399
-0.8631031935897029
-0.1645911058267325
0.5916675800319253
0.6834024491929985
0.015442890881519443
-0.385384147131351
0.22410688251449046
0.5201925866356408
0.0828544869009385
0.37252123911926793
0.6300295000052728
0.4016572634032835
0.23262727404721653
-0.9504248750244676
0.3980816845879372
0.1543367487438668
-0.5910633926545905
-0.7040979011051106
0.16041112384880393
0.35228607150995106
-0.9368081679454328
0.6218255995069858
-0.7157294830905714
0.38143046301542455
-0.9683137768483462
-0.34201134215214507
-0.7338242171926088
-0.2508955519881096
-0.28404562428996083
-0.4784545950740424
-0.30264355665815434
0.25805754837297684
0.5038479758254221
-0.13817365930450567
0.25178351079811145
0.01253664705143137
0.4845482688392354
-0.6989897275066591
-0.4424512358173249
-0.10503442519024635
-0.7021512076524767
0.02516746040396381
-0.3325519347733233
0.243712509557537
-0.4326624596644862
0.8391384867313222
0.8576508618156725
0.9895564667036534
0.022867071112164607
-0.006574948649893304
0.10085822089569722
-0.7731781415206135
-0.5673388760013653
0.3504160434858611
-0.5720558563908139
0.8162899401100141
0.3260860170901583
-0.4095893684266348
-0.28244367186066427
0.1601566703017824
0.6271493724530136
-0.0762397490651723
0.582177923474426
0.21005432424888057
-0.5296938924541719
0.3917890907867062
-0.3701113873918973
0.5257033988953509
0.6360237959382388
-0.3144934402561285
0.5454742175906886
0.5988411105460584
-0.6885248702449
0.6186631977376045
-0.09641022239724671
0.7108418402086483
-0.25296207066702314
-0.5430079290859323
-0.21766067390128832
-0.8549776229405074
-0.4625241172548936
-0.15371763683183232
-0.8917436965576894
-0.4174695253497518
-0.3235012275461679
0.8528726472053094
0.7992358440836922
-0.4466548578352033
-0.5834707283700036
0.4774271478738639
-0.3807107059046921
0.571025350982479
-0.4309165006348038
0.05309675855338967
0.3137312866561643
-0.35399991202087233
0.9692877190545219
0.4924464858793287
0.9640535469181798
-0.3550605314428901
0.7588023937862249
0.06866688860968007
-0.9952172253803184
-0.12138162515363815
-0.902205418975845
0.4379420465331894
0.6502804594519541
-1.0450132110578854
-0.06822832037383132
-0.8933353731209838
0.4558582433334771
0.11214353510010738
-0.5603426214976572
0.6923545612205836
-0.5952234363836922
0.9174666402752215
0.02765471526072396
-0.010767667026266085
0.7248032530985141
0.48473346130861816
0.04270335247414708
-0.5036061317864529
0.15839898634465907
-0.8532799156797638
-0.8189079830316982
-0.39357802271217646
0.5504485832519824
0.4398571514970669
0.3290407479232407
0.5005419586022386
-0.5279003866893132
-0.18621044450710683
-0.4615920020358529
-0.8028085753267987
-0.07073369789388066
0.121688636045099
0.4008785902713069
-0.02380260868953946
-1.1396120516790138
0.3632766075530459
-0.775036287321811
0.6764806909466156
-0.25415606371288585
0.16418760914872693
0.6271184470214614
-0.5666566869345906
-0.3539828316018783
0.007159726754090614
0.217528973158897
-0.14707301527487998
-0.34445690523440514
-0.2910957904209753
-0.4707250324071615
-0.5375334819245344
0.263808151524752
0.23341345891471854
0.7822512345289397
0.7947596999648173
0.7249949079273261
0.9413179879574343
-0.17921136266577767
-0.6471195335429738
0.4222072319999627
-0.6524285091152416
0.4387499118343371
0.028282327759709944
-0.11674553434463665
-0.7645078170679521
0.5265769274944825
0.2363938950233532
-0.7712170248094746
-0.0721730192829245
-0.42328417814566077
0.03782987476019809
-0.425881984359098
-0.4148818965041206
0.3266657074564496
0.9081195070641539
-0.004987390822765839
-0.8260789290036913
-0.7572657175594188
-0.24760703448813914
-0.46764618019495113
-0.24716296146368985
-0.04706467709315642
-0.7091089531842619
-0.6788465048484786
0.21107168093082007
0.80855851103298
0.6190694626757729
0.044977798836451116
-0.7907365087583098
-0.2703272516241591
0.2760329849515367
-1.0780331179239557
-0.442412263287429
0.17676808466238678
-0.9209862066461697
-0.3158035134635353
0.07091535387850852
-0.21095532864640343
0.7690031999752311
0.174876953788349
-0.4686541446089676
0.326142745379141
-0.5844764985178188
0.5796253573420562
0.9676283495273013
-0.5426720742932377
0.6212580641234103
-0.3669531922576119
-0.7847272013376894
0.17530564510843719
-0.7202968238112205
-0.36482724202139083
-0.3298570772298342
0.9557561470125036
-0.04271128677463257
-0.520662767464652
-0.8041148860943765
-0.32437809872939555
-0.417002057030626
-0.46818754589904293
-0.3923415523586596
-0.15327853007972328
-0.678328427878818
-0.540263674802298
-0.44945089949991357
0.3169295216436967
-0.07509087393179997
0.8362972789019201
0.27818328672870446
0.5211018150595041
0.624708441514735
-0.31516727671710015
-0.5078659565670178
-0.2570737114619912
0.8481889219846859
0.3312463451381168
-0.46548089484516325
-0.012062631519371274
-0.9949250886671099
0.8734131914730849
0.6896260257643025
1.069783666553919
-0.409710042665628
0.707559406669094
1.0754779025790746
0.26467483288279314
0.6735257146754362
0.3770362592532099
-0.3871478096093123
-0.7275017082727401
-0.9547260937315136
0.31580201016914294
0.5259662093616189
-0.39828564769581637
0.22823293610700543
0.6991654247859511
0.6716934889411846
0.3923931773284331
0.6730513947821681
-0.2731515124639314
0.7929820446525425
-0.3102431384639336
-0.4262671076227617
-0.4341250593544318
0.11802329376171386
0.306123089446938
0.48506486691977635
0.7276163947795212
-0.23578176228458375
-0.19003831398789686
0.7998451464461751
-0.5255945032306196
-0.3622869402760354
-0.4931002706005328
-0.6204562348076991
-0.10339347590367037
0.8266656057174379
-0.7121923122801233
0.8103407491553773
-0.7574900479766149
-0.4185054691343548
-0.6056744646676337
0.15114432064700337
0.3024318576220646
0.5548251516165189
-0.7369065108834936
0.7625387945267541
0.861296287264322
-0.7892073004416722
-0.5655880355767153
-0.7943950880917778
-0.9883233974463927
0.5327697259731413
0.9531045769511951
0.20682500737931148
-0.2689647096752094
1.0953762957141875
-0.3910844548011376
-0.20933617596560405
1.0236877632845391
-0.10883475500243713
0.3027851013540374
-0.048722779450447035
-0.0021554631723301734
-0.30259819946110067
0.3431164041087838
-0.6466483364202386
-0.7236431743932138
0.7663279810211713
0.7242439865957732
0.047018699885085946
0.22961181904329808
0.36999732642115113
0.47057401680261596
-0.6837372744155229
0.07235883052710095
-0.1082237359748219
-0.6176567547510055
-0.6604149464210614
0.05976780757302979
0.21936066259130893
0.4716892894125476
0.20013996362482073
0.30852795303533176
-0.17683405537800093
0.6047006019517778
0.6333096437510961
0.08784027199393661
-0.47199483627399985
-0.6621836022296701
0.12919521366303027
0.8170565945182042
0.4472170775785975
0.2089959836808366
0.36695218869703955
-0.20392984103550985
0.5856133223740598
0.31554356507972237
-0.5304109070338823
0.4458341216653964
0.454888621083506
0.743641604521349
-0.5418913443247857
-0.7852460257775004
0.34322575339821554
0.7134984103781223
0.5376873184460004
0.04953723474523013
-0.8003734716214318
0.14959247423314745
0.47852012366356794
1.0067173653332806
0.5557988185907258
-0.25731039993385935
-0.13766221782919663
0.2281127140420202
0.4540335090278745
0.588379540056282
0.23895668108668114
0.4694994603790737
-0.10717538051101697
0.3016316294115785
0.4152267983336912
-0.43511185178614353
-0.7196974857154738
0.6330366989672838
0.11543153562934153
-0.7753171879317539
-0.4165840655962348
0.7677199452351913
-0.5281386122629272
-0.2127310384029451
0.88840445759997
-0.3816802262170747
-0.6282053144233645
0.8514065485749589
0.6757948447687298
-0.18923728939841347
-0.4472405436663306
-0.22544429494222618
-0.8024904448703173
0.9345897616375497
-0.6173606022693817
-0.5971834579850518
0.06139062705160745
0.8168571903150352
-0.29841945608595344
0.4214229298267553
-0.24102546821395845
0.27990727329996085
0.8185102945740782
0.6356007329656355
-0.6430755526152275
0.7735907279356989
-0.6453923594254501
-0.4255985088784486
0.4796846607035839
0.21422785374858813
0.2794723472072708
0.8708161745817231
0.8574406569004397
0.032296758119291384
0.74800013802614
-0.9706491682718437
0.34619114845884014
0.3593850171394953
0.6812783533980867
-0.13903954205519056
0.20001281175569818
-0.6414266326311386
-0.36735341641100505
0.26457879728462225
-0.07759500251780133
-0.9055173310219641
0.660480828135983
-0.2929038952869733
0.31789832284155917
0.38837755860064915
-0.5845401042247862
0.056682761365358256
0.26307769345274845
-0.17409379778459244
0.06395895819248103
0.5500072690799211
0.2767040125463641
0.9024941805743262
-1.0115393778282546
0.8150538220162319
0.12423063898128277
-0.4044231146557117
-0.8515175133879607
-0.31363672691335226
-0.4702970562233571
0.6375919040818416
0.4226834839517871
0.34755708882080066
0.08984123491514684
0.4210460768305312
0.818158402130503
-0.8933868030198053
-0.2579431995323367
-0.7276124885903514
-0.2547844261225765
-0.23011876635602996
-0.3756746463761466
-0.1955460388256917
0.6044866693034199
-0.8551748529778602
0.9392528545233338
0.49796757594069974
0.9144689028216653
-0.8023667253494478
0.555528310545021
-0.5942584231204188
0.2229011730429776
0.22451942471376315
0.06363962049946957
0.4843048634515724
0.3110419686227216
-0.7518740811219174
-0.20286880607314262
0.634015676289378
0.5636641570518075
0.7307464446361347
0.3734491533218814
-0.43978639439588774
0.8042115481029753
-0.3393135986280664
-0.11683983042589025
-0.3629095671433449
0.7750394641349703
-0.31648569679055033
-0.24228156349956198
-0.7627531344928109
0.6727829547645098
0.6864198661229823
-0.6185610740125039
-0.07890190342974598
0.42370085561119913
0.8863174445445426
0.7453338565715331
-0.8430523079429048
0.3399455623956305
0.5578818445027053
0.20535805848610353
-0.7455846632524339
-0.34352009027927843
-0.21748850930959032
-0.6932508706966588
-0.14457469878568668
-0.1202163513808159
0.7149803090221047
-0.3219898457805594
-0.878013398011331
0.8219402500115315
0.006699279451906227
0.14650839489554235
-0.42337884395844166
0.3695066341759741
0.3601122388738571
0.31293860267038914
0.5647475255851144
-0.6631923913167622
-0.6534030906064907
-0.12854791275654984
0.24397023430665718
-0.6484733204203627
-0.22331233572479567
-0.47625092792839746
0.8901547764124901
-0.9931830075433513
-0.3372263211128526
-0.7925537908727005
-0.5075577048369023
0.07066085586553902
0.04374570485686541
0.5580722432771367
0.9154354558902784
-0.17172178146914607
0.4973312490719454
-0.3530037214146899
-0.5161460838803924
0.184474445707702
0.5997262446746283
0.3294451804040316
0.7027137734817607
0.4098365701686363
0.15519479191671554
0.7501098676775975
0.5597073532975413
0.521601667912934
-0.6038245414782698
0.9093193444220348
-0.9978115998523761
0.1284484006999373
0.5073349694011177
0.13113608920713213
0.5239414088310732
-0.2359725266595186
-0.45106908084919317
-0.1927527480836122
0.05503444335201032
0.6556980626873405
-0.20911643190047954
0.2011184498237615
0.1229992868397601
0.19795636602454386
-0.7465722647823941
0.914881000692951
-0.12916847809298707
-0.9950922590532578
0.8443185452170593
0.7385999002314845
0.021454311347134013
-0.22931655559604192
0.35548771690897735
-0.27706231218533334
0.2586225026369339
-0.8037856082472513
-0.9107429844011723
0.5595919653496108
0.014018815026796612
0.46081388933016443
0.5105242488348817
0.06621423785335609
0.5296920035498596
-0.7794455403113445
-0.18090399204979243
0.6069353036910191
-0.6331375380119454
0.10196477264546137
-0.7930090691046426
-0.1070029532280204
-0.07157966701553914
-0.7499603307692753
-0.19724088899168002
0.9493095192098456
0.1618293897473417
-0.5562167791045364
-0.10367586565282474
0.5667455605819822
0.5340327476179482
-0.09509817526398379
0.07590346224021592
0.9814282454792638
-0.32433866833416725
-0.5874701836950817
0.9131704629068582
0.8416934465904858
0.9559593676669449
0.5513047251982189
0.306070312389602
0.26381074977056895
-0.7267591678293619
-0.36017706112807696
-0.7754235044099046
-0.7550688398898276
0.4378502253211766
-0.01082862697834758
-0.36394888600192826
-0.6638173114390877
-0.7196890287395262
-0.02705272733368351
-0.5752103385778108
-0.8322884673584412
0.6401772807696744
0.8275200978811545
0.09497618596784321
-0.08098809284202106
-0.2592030715544313
0.08639588608557515
-0.2751180230097993
0.4547399084364264
-0.22142938679399443
0.5769771062609843
0.44853899852377155
-0.5493510501885854
0.7167651346755882
0.7486661028400914
-0.4222568422066568
0.2091906054807915
-0.03270612949467305
-0.4554969671418312
-0.414067627543819
0.8882852584236769
-0.4501237749849605
0.022747375259972988
0.5951098848755528
0.19048372642328626
0.6293973394149858
-0.37415076664447955
-0.09622356748938123
0.629915716864315
-0.6228647753300836
0.8926462356690475
0.785376938088772
-0.028825738133706553
-0.4049700455181023
-0.11568054042276557
-0.07860788321715903
1.0157770100600514
-0.29502823663371486
-0.4797477510221369
-0.06411877905308207
0.1337019384106762
0.48156415838368893
-0.3917032155598163
0.2699090425158251
-0.9511544304026015
0.09939889681823882
-0.9695224626206896
-1.0256469819166019
-0.2424750558747984
-0.31707681354734146
0.911598162735702
0.05270431654286295
0.8536108416396099
0.9791942457974598
0.2850108549637559
0.5005078860917773
-0.18782725139069972
0.842264591095798
-0.6767280629012602
0.26578883750448606
-0.19738698359364698
0.38525234239528483
0.06857933176149186
0.8310764488214121
0.20667907366894517
0.13118530713384363
0.590079196187237
0.17342085718172867
0.6734036650714518
0.7399751837673172
-0.6783241278604553
0.24433398622963567
-0.1698952654391385
0.16123448919823685
0.4445603879633638
0.18582929587327932
0.6049012006822581
-0.7064510151447839
0.9585836192177906
0.9072205604022897
0.5455934623172786
0.990969503579021
-0.8739406509238965
0.9328681753983669
0.4803877329694126
0.6090226813530145
-0.2992114835195771
0.7940065039675946
-0.10287738315586044
0.17045642052118043
-0.6161437920162771
-0.014853542758549774
0.3632269080494646
-0.03106113729127645
0.4021453835904643
0.035037002298205014
-0.3960454183061588
0.28846384139382164
0.48380984781883374
-0.38201579930194246
0.5374409441650929
-0.5768828600245651
-0.030278281298395132
0.7581612792854594
-0.7064662476352546
-0.7117757831339843
0.9373928140051991
0.16828403403152867
-0.8690077876180367
-0.4012685478784535
0.22217628844459048
0.18045550227012977
0.8760958992465167
0.7355361861779348
0.01724051314863234
0.23839490156062276
-0.19440461228750966
0.7448763473202628
-0.11244978453536267
-0.18316673500220246
0.4811872319605008
-0.513052664675894
0.4292311624456638
-0.033053877458250655
-0.31039822025985453
0.30809974532902645
0.07335880756173889
0.9757386088838106
-0.49819383539988654
0.348485258252222
0.5796339478337368
-0.5095585421242456
0.6347046798568197
0.13067525581899234
-0.43738527078876266
0.4248131974463195
0.14223512506224165
0.6939377358100117
-0.03453167126940853
-0.7039399880640324
-0.018370351679784565
1.034497783966126
-0.07361937335325404
-0.4755069389670526
-0.12576468347994846
-1.0170125805169183
-0.5638802213424099
-0.8118539045315417
-0.9309011762567018
-0.008835943418685953
0.282468399368708
0.03323339393417292
1.2252662369194787
0.6805059363752093
0.3756437640185622
0.8545363541193128
0.27239502255056997
0.8954614022806766
0.3125996895838614
0.5468942379478586
0.07668790624255103
-0.1072801822181858
-0.9558985479242407
0.19647143283206714
-0.9404776795406671
-0.9470326768050623
-0.47495556680211964
-0.5577339150454403
-0.8883460313028441
-0.7899774963837639
-0.36156342169231837
-0.23673408386139033
-0.342334905066978
-0.03456503905322073
-0.6912738909304066
-0.912437697576276
-0.853708693496928
-0.9377676331619793
-0.06655592089514276
-0.5856257954360558
-0.3050102453771008
-0.1448152139772425
0.3962815662611891
-0.2699188077061828
-0.18586263046341997
-0.27375339128003845
0.6165178757549725
-0.25121696150234274
-0.73544042830248
-0.6123206862710954
-0.975189201115165
0.05461489798702596
-0.29329818118506373
-0.6468220965558131
-0.16189889245302921
-0.7995252093905136
-0.5094909504662659
-0.4681200679338853
0.18632206786048858
0.8998360775292193
-1.1620882572167082
-0.9092266812744115
-0.5290550349249388
-0.2610003056241139
-0.07921940952762885
-0.136602359254164
-0.29417567944692735
0.13168585841164676
1.10040995402638
-0.18197172339232223
0.1775054271035726
0.8144824327099628
0.6444725022905277
0.8749935139802646
0.3101989618555939
-0.5914604088271195
0.5959863192308931
-0.454714708976549
0.8085837888967371
-0.5652188287180658
-0.07810875611609418
-0.9336672487015004
-0.7755151179045758
0.2813691058506275
0.6117560321176148
-0.7239478514963532
-0.856033741292935
-0.38149807236956895
-0.7042325039033911
-0.596098660142256
0.24265273286523403
-0.770817668181537
0.8463467733863832
0.4642893470919107
0.3710239293725636
-0.13860676116502338
0.7176874856426608
0.9297607029387224
-0.12078268756395011
-0.4431866163544388
-0.5256078698705026
-0.8471628502875735
-0.22867840743656526
0.6067669056626067
-0.7192455730843268
0.8740946856732554
0.9684290086858421
0.7660375039724907
-0.4987011327816368
-0.6622912645216181
-0.43055408981269844
-0.009043418599465473
0.6447471157417055
0.2215125446102499
0.07532791952453805
-0.11548986857547236
-0.13305319982008912
0.25065031810542693
-0.47592167726546647
0.5598951467066768
0.5650459978863495
0.614295811055449
-0.5568000869119237
1.079207119720465
0.9716403476248763
-0.6965600350964346
0.621466894892332
-0.023010425030790472
0.861241537423313
-0.584987852491579
0.07471333159843672
0.1983293540712217
-0.2909336880864779
-0.6979042467433425
0.568827601348135
-0.8667290236534011
-0.8025619625341109
0.16964344154661984
-0.6182678895194742
-0.5040522779852803
0.03521275383390604
0.6981871461726618
-0.5927486573800402
-0.5719074766283895
-0.8907455793492366
0.725288531696463
-0.7605679911142016
-0.44264249825080737
-0.5464560464041014
0.34436224427923184
-0.2560308165771964
-0.018507113800542718
-0.5800423446246208
0.7068257865178195
-0.7653650857153881
0.4695566444157556
-0.35186716406221735
0.4144224739868865
0.4774122292123635
-0.18208732295939292
-0.6803784903917772
-0.01166975851653383
0.7946222172256633
-0.2873396073588179
0.9727987105891398
-0.6398446910324315
0.3546462334104045
0.5030396647964983
0.47858794049248754
-0.4108653056528159
-0.6168016752226623
0.7284090203618167
0.021416314966035643
-0.6845794528895894
0.2884581767653534
-0.2725317583094207
0.4799828058924112
-0.7167164291784061
0.7963918345902818
0.4105571423542359
0.4072694209231766
-0.2036318251819195
-0.15099292898379163
0.7258708811703487
-0.1264799024587611
-0.09955145632750509
-0.2791942604851553
0.5902380476885128
-0.5007861123778252
-0.2836278008656656
0.5186277838613615
0.6086940954572438
-0.9109349449627024
0.810152424256407
-0.18256640679980365
-0.10990414763588584
-0.6777006710290226
-0.44236686734860853
-0.14352026288619804
-0.2773482071390792
0.08825054392282053
-0.9579795654382961
-0.05570883013057964
0.2006817663915284
-0.649056549352387
-0.3936027013769091
-0.978496496668474
0.3494000173768047
-0.019912106969929403
-0.46223832589642294
0.6335890979136986
-0.26000107328870736
0.16909122871884796
-0.5571724785924306
-0.065609989496132
-0.3634744222102892
0.9906512337360547
0.5769031081179011
0.6823002350291864
-0.14541080591396066
0.8885348315228772
-0.326050845185874
-0.07752370439112238
-0.8195158635729378
-0.7179344524685898
-0.7963787864471031
-0.6988862330773536
-0.3737781851131376
0.09155965488519152
-0.41666741554570924
0.21528878085376124
-1.3274907892306658
0.06556598125708159
-0.5043959750262732
-0.3171096143104474
-1.0062891816406134
-0.05159364477897831
-0.3633002379266696
0.10576977191143927
-0.6073155157454466
1.181742317047194
-0.1658678241519251
0.35758732059785636
0.689531905175689
-0.6323298159058223
0.08645552250462138
0.588209583259794
-0.754871941022624
0.2595642657459216
-0.2599692659378595
0.200110011422363
0.7440196554248498
-0.4984052318807853
0.3992803443389226
-0.5085614944542955
0.2674372651163775
0.27825152469894227
-0.38050343120784547
-0.4256863226192207
-0.7840627584227193
-1.5818160616744887
0.022296780211111988
-0.3830831087237417
0.1940636100157175
-0.1874586352984278
-0.3814587280376142
-0.11727006045614495
-0.4182407047052867
0.302129816501001
0.6366329889399965
-0.6315264710140872
-0.48908639450802244
0.34276609783524
0.7761816602790222
-0.8715816637489916
0.16838115160139033
-0.1829369176928553
0.15253065071339805
-0.9331043420891003
-0.48905460786499483
-0.2411905932867259
-0.5302139897553002
1.041120067194658
0.011194584584768446
-0.48721385683227747
-0.14046687089944043
-1.0967754615075085
0.36993777621788654
-0.11407383824757322
0.2170471791012482
0.2728196546903965
0.4370047896233054
-0.7419023975565979
1.0728400048630278
0.29089374008781516
0.46630933085835086
0.08652834381012059
-0.4538828711184757
1.0870627243744426
0.613729738216006
-0.06666530237597572
0.7137058515063723
-0.07961843613019771
0.3634505200226226
0.2580211599121321
0.8817841991186279
0.9331156984028686
-0.8573256192219292
0.1988766649966635
-0.5276258961050561
1.142164384193233
0.047469631743468216
-0.5799240164014342
0.3573351299431755
0.38536911993773043
0.19073676008819357
0.013734866824333752
-0.983955338897321
-0.9554970220522638
0.08194380599069259
0.953999446131352
-0.673281388887448
-0.10344442114878574
0.8298577788226932
-0.02220429794786628
-0.6106752195669343
0.10426705801057741
0.8235936433865481
-0.21834784691357417
0.4070482190528171
-0.6029652515106493
0.7324372866263831
0.6001835203831808
0.7772434517766593
0.7180749995787256
-0.7374937535968185
0.22821167134943854
-0.5967993912513617
-0.7091659695099649
0.5835540289460207
-0.21001881137148812
-0.34808676985557485
0.7818270290600706
0.3406373069769418
-0.6873857305213535
-0.5841627969101619
-0.3334977269784949
-0.7645176657248732
-0.15628941748248557
-0.10823605690498128
-0.356999252530001
0.8436072646948144
0.7502527023744803
0.15586640691466447
-0.42139433784119007
-0.5869089911778756
0.41998827824217827
0.26821468760168976
-0.08323245773792862
-0.27958841370305054
-0.30856059699247146
0.16510698338398822
0.6963844259083675
-0.35594131567915727
-0.021114537837547173
0.8946073392189409
0.36816604025030464
0.9154855704055996
-0.23974384807634697
-0.4276723215234892
0.6166251875932692
-0.5143869607106851
0.14549586903718162
0.4738707732864398
0.08094718833005225
0.18224145401004982
0.28811468495006876
0.44865670939894675
0.7596984226433761
0.6818824801626387
-0.006575042270642058
0.4857251345618762
-0.6642750656853738
0.32312204588233984
0.0636227857148651
-0.9743707106544405
0.4852892941122697
-0.6365704924104449
-0.15117329623895717
0.06590285566607715
0.20390153098755862
-0.044276194533714584
0.37344962331958875
0.5642526483586849
0.7926677237336874
-0.5955465009573156
1.0081465460297607
0.24864931948524463
0.6822144349971634
0.1970905881775468
-0.48219202895716107
0.8820397519782793
0.28210910117693766
-0.8679505121447397
0.32965379797273503
-0.5745354223192054
0.08913610846809433
0.4462279683397448
0.20450462380856824
-0.5807964747348414
0.059294613928430565
0.7968108300125568
0.8068755242276532
-0.0002435050823082096
0.9951730247667455
0.20430844868871015
-0.10466551092395494
0.024388855188865226
-0.2858557003403575
0.923277715244363
0.4876955548338926
-0.019851152827679974
-0.4563769537722963
0.8537936493065221
0.10154537748488664
-0.28117290994585237
1.1060472307220546
-0.6500259713322416
-0.3704343815785662
0.9867161937924982
-0.5854947668638618
0.04813175913000619
0.3456658975679089
0.6432965677000344
0.6618914781573826
-0.7081251868692582
-0.09450263470813107
-0.4023987045398718
-0.2435178255578038
0.05305569452961136
0.4350738205058066
-0.2457821251629131
-0.0014219635034948977
0.43661723594267066
-0.5340525088180857
0.2169991967961705
-0.06465391502905385
0.9538649322091941
-0.7665671223562002
0.8086003866248378
0.06062206352978812
-0.6123469393076858
-0.8347528326903555
-0.3304194464939902
-0.0504759434034014
0.9810623997235532
0.15262598900220192
0.38558272798431664
-0.6856258039871154
-0.22736367820449768
0.032407149795497595
0.8448877054672589
0.3678274379913129
-0.12751952347933998
-0.9639453631324163
-0.5908469525818751
-0.5685092899507934
-0.18947647872083906
-0.17837805988133615
0.20535284255131045
-0.4976377144307288
0.11234345307314342
0.6600141280637688
-0.3145978382675096
-0.6456564342192792
-0.2064307133245944
0.924129516205238
-0.614552396732138
0.4966097634925441
0.2329073966775479
0.3118121708628929
0.3854331141693466
-0.21076028178074105
-0.6565691323842487
-0.3233088508342892
0.43902505525881913
-0.6698955455100194
0.622129095993295
0.2912736234969615
0.9327379639176115
-0.21126775366271278
-0.9007865491143112
0.7648876514223298
-0.9962998923739591
0.3595730680278727
-0.6390339723049209
-0.18810673266733177
-0.6985317197259243
-0.9803518357070011
-0.22147879005228124
-0.14629590711300666
0.4019276276767622
-0.712500264243488
0.5814948645783066
-0.5547948259471217
0.9589214118757831
0.8747568135625855
0.6487076592905094
0.8985152030047512
0.5296573110578366
-0.6865864963383547
0.658289254576004
-0.5900916617080573
-0.6488242729835406
0.7689790787850928
0.5883280171667699
-0.43498562168017607
0.8064334000577715
0.37717671108703665
0.5071625449465079
0.8833793425120995
-0.22723633081892264
-0.694743979668257
-0.7143684929365339
0.3582692671905817
0.32711388861009794
0.986699711452343
0.7592281220632456
0.2991907157104023
