0.8676390964206063
0.6796658296261494
-0.7061858404652123
0.5429083609043558
0.688326016108584
-0.032636544701228176
0.3740347938856043
0.9882755128641582
-0.3140519937863413
0.4850355953232844
0.7434102574654196
0.6910157108550102
0.9173063852103107
0.5195622826923826
-0.051870149333969426
0.7079764285989849
-0.39327745601970837
0.06936750487523903
-0.009959064645819892
0.21378671768400506
0.5323479289957098
0.7277935155343507
0.12851165273304396
-0.9730172934526448
-0.14128706207506522
0.7219435432480676
0.5745244098184326
0.11800893201982875
-0.2516312711698167
-0.8264984184998402
0.9821520147642909
0.5553854912226418
-0.9437236137792884
-0.35385818311775713
0.32554596946424086
-0.9319462075806945
0.39961863892927035
0.6306586233670832
-0.5996776653551481
0.5990080578576228
0.6656327247180545
0.18896025488453264
-0.9181247845935598
-0.011851838478766991
0.020016560208053077
0.5705038343858143
0.8487900258536808
-0.5699064112457342
-0.03153136904414194
0.3111166182035294
0.3407443719029524
-0.84932592747732
-0.20139204722718787
-0.029147652749446147
-0.20810458695629142
0.5134698053174656
0.5207534615699769
-0.8905400628607097
-0.4173409834511939
-0.5814175982362982
-0.9553194693926127
0.7039313801878322
0.4816189711779238
0.7961455823474911
0.18744771034197433
0.5649317859096803
-0.21959435125750698
0.19778868271753441
0.982772565001253
-0.31529493470362185
0.8368952202660055
0.8813186540030672
0.5988236985242532
-0.2164580834502617
-0.5475597228768628
-0.6514378544800563
0.35766840427494123
0.6664031422631862
-0.815639134230688
-0.7583543306302376
-0.18480662706541107
-0.01734551408482637
0.3098761799277075
0.46005787421687205
-0.37849322761471366
0.8394489715471307
0.9742891502801446
0.49703113630329476
0.5269648797355496
-0.4078457534764839
-0.6904767183265803
-0.13950640252657093
-0.9744049316922712
-0.135580237663113
-0.6366511856867676
-0.7998404142973711
-0.588160299440831
-0.6533939044650336
-0.6098948328454075
0.41904782639091886
-0.3484582620154618
0.6761905375982166
-0.08087186852741575
0.9064350353823956
-0.7922185087402153
0.20927880570510038
-0.8979547042289563
-0.8798244067951714
-0.503895679136168
-0.32441297601145974
0.18193687450147908
-0.5481412033059077
-0.6740826938704737
0.6385833035240029
-0.8969154085287302
0.16387274203482685
-0.37774470103020613
-0.4340340088607823
-0.18687950137595072
-0.17706756207066454
0.30924214412817624
0.8500516224857926
-0.8418776575103571
0.04859178002009022
-0.3435638018202228
0.5155427846043023
0.883500522417409
0.1372654967494155
0.4290360954769332
-0.9014549972721198
-0.6512928955340563
-0.6345225587460197
-0.04948788080880657
0.9296397903228901
-0.45642615029213124
0.2480087489482872
-0.42213106232600006
-0.6263234513896384
-0.45404220822892827
0.8091589112165626
0.20192248368341442
0.27923386122491134
-0.3562187695227061
-0.5882225867098239
-0.8959587189957561
-0.34108698204913185
-0.4986169189523118
-0.45970136388789007
0.6251533086436596
-0.9317822681903164
0.6980685987045683
0.7031085139797105
0.9793105271077519
-0.39721704879335723
-0.6159202201260646
1.0678174052012253
-0.42881234265601365
0.3788275450868021
-0.567884682930096
0.8826833510228652
0.6326625570849662
-0.06675259510273789
0.13917534354195318
0.06975176370069648
-0.12729192792421243
-0.379015983914926
0.7707235373266802
0.7448192300124329
-0.9042386962527919
-0.8197663249452234
-0.05968389681538549
-0.22101082187507728
-0.4161430302413598
-0.5400361801991127
-0.5762780844938085
-0.008646704044031677
0.3945517943140708
0.39880985546291503
0.13814345721036522
0.1433368040981642
-0.9191048752100738
0.2263912775592698
1.0439998715829284
0.9458273684174582
-0.27610479418613965
0.4185976293369379
0.2274912325022632
-0.7956977721879828
0.5024940035908488
0.5764530698187186
-0.027025547462570448
0.012773936848097663
-0.40156979324321346
0.08368025169068988
0.5987019103921015
-0.8862420792456158
-0.39240534647715924
-0.617645646941845
0.38636214041991224
0.20139089730281814
0.2985482037921912
0.23189066068086053
0.7534382994409612
-0.8204462507725906
-0.5492434510000399
-0.43640625910834263
0.6574397900461336
0.7200887465516296
0.2548438824455497
-0.6077084707276139
0.9817903075773645
-0.8640304868263898
1.0609867517489588
0.6344166313311342
0.5681628779435924
-0.23338768810269944
-0.6904831491326622
-0.06377501585644284
-0.2006180375958048
0.23353014324215504
0.19178475136263917
0.38257593492707254
0.28090531625253634
0.6775351807065213
0.17432685726989144
0.6949044526336582
-0.6298279542464033
0.38064000430446077
-0.10262639701469924
0.3777075022470071
-0.8859513655339929
-0.9341353507190089
-0.700760957342174
0.47983692501136066
-0.012292258926678505
0.08424925719861515
-0.29991974459638393
-0.428925821056034
0.9199973577094691
-0.5588977227627887
0.47270469943943744
-0.6502967115551777
-0.509065494889509
1.1052018867389797
-0.5323025458235106
-0.5732510668787819
0.3848888361355989
-0.5568243703982008
0.45714228597654205
-0.47811740286948534
0.6805367888492369
0.795660378845187
-0.4671876856798807
0.8566241692404986
0.30526717380915147
-0.49886922577609083
-0.5311238817761013
0.9556912016894599
0.5487723038702658
-0.22354940871617401
-0.8242043239875179
0.6472554189931274
0.6583867179541252
-0.3665584075920769
-0.2623295576260222
0.21908090664929114
0.5128922686824773
0.6153287362892115
0.2750209430991136
-0.4406200421867819
-0.5622644463855396
-0.5619176142465508
0.8961626355237878
0.6792201696364948
0.5803238066304782
-0.4174960481333455
-0.17914143098364793
0.8296665083415203
-0.2508310398296998
-0.9458401867193819
-0.3640674953379505
0.6789711145472358
-0.2632945973952111
0.4782459694178838
-0.13300954408705354
0.7474399269523677
-0.5420668900737273
-0.534264264868271
-0.6605651720417535
-0.7348799585037695
0.7127792001966813
-0.4784153997400447
-0.04271722773968827
0.4549830889714219
0.2792502480584694
0.29201362721698765
0.12003600746042002
-0.7640152522633044
1.0125937860838967
0.7360394241534837
-0.16604579069998945
0.8461761193984987
-0.3557565038139565
-0.658338829324614
-0.10728657839323989
0.8432029898800307
0.22964973447505788
0.9793980205023918
-0.14753072172120105
0.7086998539963527
-0.9289915405315832
-0.3058792200680322
0.6403554580593145
0.04846041612824849
0.6508860535785278
0.5726095019413054
-0.30269196350647054
0.9942936630827139
-0.19845100133191285
0.4455261318889271
0.6242849520311466
0.6194259835546997
0.201519540731235
0.22727485962606303
-1.3473461929254755
-0.8638534805962279
-0.9825101484142065
0.9101092897458615
-0.12810498123726613
1.0083236157833209
0.4117561599645511
0.4406744854393767
0.7171502950800855
-0.05071349093936676
0.6170065841635941
-0.342382089401006
-0.4441457066245134
-0.6125680203283314
0.20491348437022308
0.8955423044144141
-0.26171506371425424
0.09906877629612984
0.08235425591552066
0.4419607676331127
-0.4422247055952348
0.239619213391419
-0.19851667769338607
-0.10225185160928038
0.09350065435924237
-1.0445679596633752
-1.2985346553348431
0.5419533383930327
0.20755878312997625
0.052111321965467576
0.1607433481785777
-0.8464106871443401
0.23858956980874776
0.023946187057166925
0.30879773571681424
0.005931040715325486
0.7215983230192812
-0.9499597426733335
-0.010168290135881842
0.5491311978357267
-0.09499515676722968
0.1167397616775815
0.5442575407256929
0.7847778911066131
-0.04247737691735486
-0.3887635983759649
-0.06494889915223552
-0.014152894698852518
-0.1886876252010626
-0.6687807797984171
-0.8761464238628447
0.6668624463021928
-0.22068487258045946
0.17793430160931664
-1.3943606593020395
-0.944361504148288
-1.3687397777117485
0.518685520200659
0.34524926554422175
-0.7604108910140375
0.17620314691206052
-0.3072711641133531
0.868256037588936
1.096004223205797
0.6098641053804045
0.1400417803774511
0.9649182151708645
0.17625459694060883
0.7093074386371807
-0.1767790528055141
0.9021500664853781
-0.8387557215552138
-0.45717403126914635
-0.40206646511279404
0.3023883991680161
0.8317055171027168
-0.29341952888610157
-0.16004566286975713
0.7213990542171995
-0.6930246808768815
0.3169996114971749
-0.00016428878420121315
0.2707855665237031
0.27180276929061625
-0.1777172013450032
-1.012184819590547
-0.044737701119664554
-0.3252385084951264
0.11524195319180376
0.5005252085028654
-0.4852009115664867
0.4059202630063769
0.6242949274564004
-0.39520112754975534
0.6543984997176103
0.26642638366512333
-0.748057062088882
0.5689037607317373
0.7330831828660781
0.05045112758456232
-0.5977150372381138
0.5091192866992134
-0.6640102379746524
1.219864899975287
-0.03819447473098132
0.4266591856177417
-0.048022783064623
0.32741060180552156
-0.9266689798937613
-0.14587670427313734
-0.1429683298643371
0.49869115600775615
0.40837747638080096
-0.3399693058137966
-0.5508856945177807
-0.5867079585543771
1.0179361813477394
0.4951750116145113
0.719259055775528
0.5072542681992045
-0.12133631050274221
0.6176472214247953
0.8644109733652278
0.15710713381550814
-0.7100958868850984
0.009641921546171012
0.10646734347605082
-0.7220534558079182
0.22224003250667063
0.6345007153218278
-0.21837713345101498
-0.01968482972262177
-0.36509197908348484
0.3168383568686569
0.005365703405512744
-0.5693482600677997
0.7004985953952461
0.12231214887295694
-0.15997967406349575
-1.1708556609397325
-0.7596832941879899
-0.5224313040935398
-0.44883433178500526
-0.37521535117272514
0.10232320073408636
-0.16055597418747886
0.5061536259286976
-0.37817790077307656
-0.7483850836965018
0.2472904195434043
0.4789622852412441
0.0653738692129496
0.6999999068671147
-0.3822864904763157
-0.7718078721807086
-0.9699085198427155
0.7937432510348084
0.401831924441831
0.014419378371141659
-0.25069651877439864
-0.21498086579442982
-0.6791470593542327
0.49771944886326114
-0.6970159949943994
0.050832534048694825
-0.7512443128398345
-1.1587113538435723
-1.002437901057998
-0.155271182657758
-0.09531492223496311
0.4969449650939823
0.9651391094996704
-0.4489857248031797
0.7332681190333628
-0.23016263831607015
-0.6736910707581973
0.7611001929424233
-0.24025626669406058
-0.17159838521866452
0.009182331502497679
0.8152336332751167
-0.05351320420110349
-0.9577892906960338
-0.6615504142908291
0.6445092387860453
-0.5485862114171751
0.7537881118752247
0.20103734664820375
1.2067688149245264
0.8714758610157913
0.019720263026151673
-0.46173067158160064
0.0005167312642396845
-0.18219342433977478
-0.6411452664468342
-0.08497666246319026
-0.15777155690752545
0.5400532195799859
-0.21085337567355586
-0.6843476705428839
1.0315799015283038
-0.4025867419116946
0.9530843837763113
-0.6664302366531346
0.08850331840051269
-0.4288307650430385
-0.9523976060183387
-0.3470675301598853
0.6043675698959826
-0.015764271967588492
0.932022584047697
0.7223474297008079
0.636773476767068
-0.7612796344364007
-0.19902542457085287
0.6090119719955717
-0.2607277390168286
0.9860815731749893
0.697294301979569
-0.26529077889876707
-0.8493106689928754
-0.8741949972117774
0.8076681501107567
0.5060425870064841
0.13324236308393375
0.5083238934420428
-0.8355990751897604
-0.5653726621457678
-0.7527642450393156
0.041646376795075844
-0.2036007480208596
0.9299970364575157
0.3051638996014846
0.15795924438749168
0.7744031876502648
0.6340918852083575
0.2772709164094022
0.7076337311302404
-0.9575079698306534
0.3858002720400136
-0.1019152360872171
-0.5960219382403913
0.09320090719315005
0.9707274267233819
-0.13731932242802794
0.4228096102536301
0.6346621738840832
0.4941665509480641
0.05302207669555403
-0.28323534514689114
0.34578224899037485
0.3383859010920153
-0.8492672633383819
-0.2812515082101385
0.1488473998458935
-0.49523556802942964
0.032080475003147126
-0.5209081276731996
0.7833505801980579
0.15860118191187955
-0.1273688083296677
-0.3586091944674248
-0.20205618004988565
-0.8292059697250783
0.7737891723653069
-0.3311564206644708
0.26936768258391963
-0.22147830157669932
0.022788017765843546
0.7403383475626334
-0.4337628550930512
1.0281851796201253
-0.7739810664241809
-0.3759133140668021
0.23325483302499597
0.663498495588178
0.65394957185225
-0.8474795258345628
-0.4756120079446411
0.7971939923722098
-0.8950614725510231
0.48655632808085725
-0.18226888649828232
-0.004405433221447883
-0.6032445752591604
0.6821948576112189
0.4675049950306477
-0.7370938528196409
-0.23904731324192216
-0.9260352668186744
-0.6010174960915234
-0.5044357312555958
0.9617379233927139
-0.5157937897911158
-0.3760246304283428
-0.7587398927356664
-0.9354541034157876
0.3800392692144816
0.2395511815071467
0.7579170125950188
-0.7376500519741566
-0.262246300809898
0.36000852932584
-0.0269712518985034
0.20219185871819573
-0.6925717362180828
0.859980342521882
0.9589813001031577
-0.47724298416378835
0.08361944755831152
0.7197208887692298
0.34135411870240456
0.5961481730207441
-0.2953802385101482
-0.5183283553947975
-0.19781331234979155
0.6414817088263572
-0.2400387458230938
-0.7591227474455321
-0.6860219158444191
-0.396142026711429
-0.061262726742293654
-0.3607766269377847
0.24550662280597688
-0.09034434278939481
-0.8645753322968279
0.671671249332748
-0.3475001758312398
-0.25693221706985425
-0.36443814287493614
1.047783014426882
0.3423318677714028
0.30588921518319856
0.5976565316987621
0.7405371694116506
0.9869988965313691
-0.6588275398495561
0.010492192928943775
0.39175222957630945
0.8794309667431736
-0.13272148601470315
-0.8308030860440293
0.80562096721392
-0.21688236599936628
0.37890718412703367
0.81912618210981
-0.5414710092912759
0.34337327116628447
-0.16846600583414106
-0.5483390052498498
-0.7034485209223336
-0.9642981546156146
0.7496315794898131
-0.6496516109614515
0.7198191708054057
-0.5428945625795114
0.7657429474411935
-0.2522275593151531
0.055768476604187454
0.6864786797171349
-0.3992147110859365
-0.5158029736269916
-0.5954565355327264
-0.6022918227002996
-0.5080619837024386
0.22460870093722016
-0.9063666198610012
0.7946238021212038
-0.664515562974492
0.052386470201865466
-0.4915310667236167
0.6211629540443584
0.29013795834575606
0.7008491030950967
0.08502688674005028
0.6829413351569574
0.1929498005940625
-0.10147861239648694
0.7398162227004935
-0.8199647939707289
-0.31216788837568565
0.28278459845472137
0.29076470952893146
-0.8104050402025508
-0.5047312698856475
-0.45370744831146725
-0.455884327761061
-0.04392424304096026
0.0355717037915178
-0.04472172595200119
0.5623194630745827
-0.959330639895162
-0.23269152570091178
0.958857647465909
-0.04133817484571402
0.20338809363946816
-0.3129188498774846
0.26508016530423767
-0.18328312615894055
0.1477409158896397
0.4672913603789667
-0.24009996125190916
0.4920722060417199
0.001901499763428136
-0.6391451521233118
-0.7891173504334641
-0.4897235658386612
0.6728834265811002
-0.11902522477332322
0.5549321873988945
-0.9430760926759286
-0.9885315359874692
0.2648431629637891
-0.017706410115904583
-0.03867272193272456
-0.15007797263129105
0.31480397367344226
-0.22131257869590118
0.18167339863009502
0.6539380106310096
-0.6825049361471374
-0.15835562007251883
0.9538237821823873
0.2150203345371633
-0.8478566193021442
-0.9110195736043442
-0.8861887543428744
0.9178401287456144
-0.6864356090256805
0.6336736353941926
0.18625313672811092
0.685000464818858
-0.17159707482569297
0.4751872267470889
0.28557256026137684
-0.07370750476558884
-0.9354064369462189
-0.5535279083694316
0.5836881211824896
-0.206281098602784
-0.9202665675484263
0.5788851305346746
-0.318620178947938
0.4691467354015379
-0.17593645216519094
0.374999801524272
-0.4732025906468172
0.17688319182533777
-0.9019754526349872
-0.3908173420238532
-0.09007426763626859
-0.4226973170148842
0.9409050273534945
0.9277879923573311
-0.6963581520593604
0.13259349338599538
0.7351105525908264
0.21346769742561597
-0.0518183506459233
-0.6597931043101967
-0.6458210277757205
0.009545292855189888
0.5629758495216644
0.4429672933669885
0.383815392049692
-0.89058606307773
-0.30280821845681266
-0.24632868416682432
-0.8527974040739817
-0.274533753987297
0.07353112606213766
0.8391424647154812
0.843411492930513
-0.882578238051152
0.9260937435528899
0.5379670280223618
-0.15657266174927092
-0.1951613716552557
0.8283821645111962
0.24358413737187046
0.7350964825112818
-0.5282489405508931
-0.921133792276769
-0.3626960518062423
-0.5151328751310226
0.38993713034896377
-0.8996728533073541
0.034299674048023254
0.58063117293065
0.9688132123175844
-0.9581899535748837
0.5822364729330683
-0.3681241127092045
0.47959188007176695
-0.11262207099842539
-0.18787712369678036
0.739550378702828
0.5717600040573684
-0.239357449415113
-0.8367029300161355
0.31117914492583126
-0.21545202626091972
0.879271255422207
-0.8142989193588732
-0.59120434420926
-0.0525048568653223
-0.3768122555160848
-0.4176637608852089
0.41331399599212304
-0.9270188964711905
0.12752582034666907
0.5543337565999318
-0.8539707795460589
-0.43912725760437443
-0.9613544242717728
0.7121713210872024
-0.9587770174850793
0.8661274086873214
0.9361571491370997
0.0011406539449110588
0.1922647391072204
-0.47286143805365694
0.6180864621216102
-0.38215958077999207
0.10884192685946595
0.5862313896739967
0.9406831816864455
-0.17287524166262996
-0.014378503900700097
-0.34481979554146963
-0.2293710599196538
-0.8069736819023773
0.2160691507039991
0.9017385981951619
0.2080258704311439
0.6977660254979676
-0.5847592368666898
0.37599192209631055
-0.8813262679952495
-0.8922565030527609
-0.9261578622462671
-0.529949696728937
-0.7787412511985662
0.5338368156970692
0.9972767613102557
-0.9866065637320289
-0.38643262831454567
0.04097228177176881
0.2583397180883518
0.6893617963776
0.8127439001390243
0.33622210236775885
-0.07107644354811579
-0.6833931887525924
-0.4852840606474191
-0.841628524424314
-0.6573786362282215
-0.7498008512370085
-0.6365017846489694
0.5584863927083009
-0.6560558264035795
0.6446025849753849
-0.396903243177733
-0.8233495229130123
0.34635708888167577
-1.009752392029883
-0.19493064375469576
0.2572318908710399
0.2943220883247776
-0.4240583234188486
-0.7352728561278495
0.3779077625184794
0.3553499830025038
-0.9337090416820685
-0.35413512034504
0.7866896795392656
0.019509516832568383
-0.282826339049209
-0.6086332673300106
-0.9050423089850712
-0.05754160060392127
0.8115054274279129
0.08790026681858076
0.1490009646407687
-1.008695708780296
0.6851018723512909
0.463654882768946
0.473591496573159
0.01633111669805675
-0.5319975446621447
0.20368987535553268
0.23576205988983023
0.5116610219095385
-0.6719881935127873
-0.2504219831935301
-0.32591950571402717
-0.7027238631879168
-0.47698691124753273
0.17976714669465826
0.10911901024830038
-0.6359776226152534
-0.29911878249116836
-0.9422467161319807
-0.38890573653038263
-0.7214698338007068
0.3783401548801989
0.45264543061900936
0.25898482682981194
0.6200108144373057
0.40853122840869854
0.5397539452485632
-0.4891659974819606
0.10811868280139189
0.9223208325275348
-0.7316686981338284
0.6023786014815621
-0.6133913473486018
0.7928134674455561
0.00831608450918688
0.27768692218032004
0.8969022520987394
-0.8816376904346566
0.04374803988341023
-0.8335491571023667
0.16044915860194273
0.6460223558443821
0.48699696717062196
0.95588891885006
0.760969840639409
-0.36007701014450094
0.8574241584848217
-0.26968559097969225
0.4375614004089185
-0.2381044304554206
-0.7653978884439934
-0.5417119886791462
0.06909246252621755
-0.8100270228734855
-0.1696179283853568
-0.6538000045812501
-0.3430140062847541
0.3418078162015749
-0.53028707062656
0.34768766558354974
0.12114561809021775
0.16266890622344807
0.7962065390548486
0.27446636138902386
-0.4367270140428185
0.19200668904547638
0.8763930896566797
-0.5675308965605951
0.8529246126660066
0.7435935924966836
-0.1571242812842537
-0.9298977330018205
0.7206658094382836
0.39591855617474797
-0.6245246853052233
0.23471432208006743
-0.41467479042180505
0.21192851492255466
0.00921938389574896
-0.6704990433557757
-0.07847519387796312
-0.7314886303484933
0.2348348879503498
0.46309423987430454
-0.720273428368726
-0.6646651976030649
0.051549904528146305
-0.6499878257777992
0.3909516616921117
1.1617359498531001
0.03587698729140372
-0.7441524133296866
-0.22331658384823103
0.9264740356578627
0.46938936434711287
0.1655861969763521
0.403251414394001
-0.058804892133255175
0.8070347487854864
-0.5706732819232591
0.23402530474544173
-0.17471719760833748
-0.47473356320387594
0.8734252404373083
-0.007049851572435046
0.2420774644609498
0.5792493847986598
-0.3050764433816409
-0.6550027804002038
0.5713161114397735
0.16958043875677672
-0.4242862565108942
0.6185790042879762
-0.09539671814132766
0.9900269275525295
0.741804569047011
-0.7898628703861597
0.7278807150771843
0.4057238272942341
0.9800317636011621
0.05153496217926925
0.1960290428518402
0.6560796688238096
-0.12991621575643747
0.6891687061354116
0.21458127774891533
-0.5939073380753949
-0.035178095001976994
0.8146151815327168
-0.6718471051598001
0.5037730149143566
0.6844989699572659
-0.0364048796344735
0.8367416973973631
-0.8793120437003886
0.3628077268632934
-0.786653330767116
0.29609816037964465
0.48415448832085295
0.6101133934823779
-0.7107257890463707
-0.6684754382259497
-0.3431453603173825
-0.6967881074357322
-0.32750090649232816
1.1316968574565829
0.64937381783919
0.04375081349718884
-0.11116682506338688
-0.7205345413087973
-0.7226350327937048
-0.879477676252652
0.2608320926515536
0.11025103093421325
0.15411944513402032
-0.9632724165997356
-0.8238490028644232
-0.15852457169920584
0.947477566977217
-0.20885541575867658
0.06682730885775869
-0.3431226937803191
0.20240694285520563
-0.5731946339285026
0.8363582001559532
0.11718680509658404
-0.8728938880569153
0.5814264036058809
0.4002071728211501
0.46795874573721896
-0.5939718389145215
0.5128565086943342
0.6544978292806676
-0.5281893424929082
-0.6100950340236339
-0.26194553529427916
-0.37004623111289997
1.0886257977029905
0.9299410495856447
0.9401934929111802
0.5154397009165717
0.44607285543257646
0.8622612958352753
-0.13158865517917914
0.9014767890603662
0.9394864158080171
-0.9446134258258757
0.5868206659306459
-0.286910056511024
-0.07858338478864592
0.3358415440261818
-0.706204487293927
0.4850344024306369
-0.19039003104926044
-0.9338793538221886
0.8945943343118924
-0.6710875172733938
0.027858599894401162
-1.0406000804875113
0.5017027488010911
-1.1335713407016013
0.08262318788035147
0.16581972648668
0.3733126483622874
0.31977056062716563
-0.3139094948082179
0.7320851609245186
0.6923112280774153
0.9234745748768882
-0.936305285442038
-0.41232350669244205
-0.922643476515758
0.2545845404369959
0.9395649234454682
0.5742416929317627
0.9833101567035475
-0.9130618313971436
0.009321607760370667
-0.68177786890986
0.26918936694001994
0.34534263371653734
-0.3358251236294882
1.0020961263979886
-0.1315291631214918
0.4994813919244182
-0.596816706791201
-0.7331970918593518
0.05928801288873293
-1.2351837657563642
-1.2548215285561928
-0.16393931999611458
0.7407129645072792
-0.2604035631843057
0.9415170884044811
0.7276622512688072
-0.40502303856459565
-0.7234684700946777
-0.797147404953906
-0.4401944284162893
0.6304147039898584
0.645428096319828
0.21583754654949272
-0.6258394333478091
0.14928563283870117
0.07660544404287925
0.11894454015680929
0.9394262306006776
0.15028724932031234
-0.49652388149971816
-0.6074863682644982
-0.532039783889706
0.868104437548788
-0.17455139244379936
-0.9371165385260419
-0.7019971592123351
-0.9615284878036042
0.5859091017147348
0.3228878274371666
0.14693311881736892
0.6804648169716712
0.1349674905266747
0.8139322768546516
0.8955369168798237
0.6820040203931752
0.0018748629974764141
0.22038000982293524
0.4202528623491798
-0.513647679711363
0.5588582630164811
-0.3502561853455867
-0.43905333365346433
-0.5208389896577481
-0.6910873473610951
0.5712279542444746
-0.5669676897261495
-0.09536089307096071
-0.5666060302587493
0.3226402548368111
-0.061343626783404916
0.9774828191686319
0.3109454553601744
-1.1365024674190862
-0.7690467211396411
-0.5168546281766495
-0.942348557759487
0.29177224809390695
-0.8132931023352803
-0.8524013381056649
0.56368453100231
0.529805243497143
0.727996103408401
-0.05534338073806767
-0.6876826068201423
0.42284932170728395
-0.5816795981953977
-0.9249116521709082
0.7768730645010576
-0.31048540953748804
0.8776977002726001
0.6800931335873915
-0.4460776291150131
-0.08927125331770325
1.1403422282483842
0.962503805357794
-0.05054503271883309
1.3168924126400658
1.0866558531586237
-0.5545538320853803
-1.174380153192048
-0.0017491617981626494
0.0834088009629503
-1.230782389624551
-0.9648529168962339
0.0905426600227452
-0.7754617524491209
-0.0631558305525873
0.12811612087162444
-0.1880207943933808
0.3679448247605166
0.8907071309780304
0.025024540504084324
1.0008902246218023
-0.1999144163829013
-0.5090106253174532
0.5574213264767962
-0.4367235538343111
-0.9037795545105723
0.8213881622356559
0.34854434372658055
0.9214017037693916
-0.5372728121239551
-0.028737337405848985
0.5838482327660701
-0.4384444094389455
-0.24665499470811048
-0.7182165154453344
-0.6641304439081325
-1.4654160672773542
0.13529287968033457
-0.8324478836905428
-1.0839249939039868
-0.5183802692821546
0.6097994286918378
-0.33646958612165084
-0.7304935943961124
0.05108684276756149
-0.4036962184540882
0.34830561621429645
0.2355680308839598
-0.6510877456852755
0.9762016835888148
-0.324950194119425
0.6899989432378375
-0.7837357356513093
0.25917856342815004
0.5133231478173322
0.14308036289879758
0.6941060109659032
-0.060238318163472575
0.8159079939417107
-0.0012356090413272762
-0.26781141365519123
0.36425426841456965
0.3803085127166242
-1.055336432788573
0.4983351674781657
-1.0203046055705853
0.15790085195307857
-0.03182493995671079
-0.4300228780194152
0.0013798462670825166
-0.33052221493343903
-0.2086525949206567
0.07039853057615243
0.17482714758686257
-0.6351469969265279
-0.41134062164439333
-0.2503081138934749
0.09985215563937473
-0.6732827555147463
0.8529995701176598
0.36219507399672063
-0.7837189360730785
-0.5087143453923785
-0.5363378106061482
-0.08987999083718397
-0.23533053850268076
0.2919113076056455
0.37638661939364526
0.8541828900242237
0.49588509905849315
0.13667784176072167
0.12268750451850595
-0.1045826450813841
-0.18198468510565527
0.5849164590703185
-1.031890931296492
1.012711349724248
0.7139509269406097
-0.19384060808120204
-0.7649868618629375
-0.5553747002328608
0.6794831041915106
0.2568262624587963
-0.5926490780175703
-0.20128238329532733
0.5195826089166693
0.5623170628471531
-0.7907757887179514
-0.32319492544038436
0.2782100738655608
-0.9171712044497328
-0.40675440925278294
0.03699478193265184
0.7501720046701025
0.2926416528632975
0.27948339585271875
-0.5832756944111638
0.38056147810941815
-0.432413109096027
0.29084917732077437
-0.8612991859601028
-0.7017332567721054
0.47402404279533783
-0.4617273478190182
-0.4733450931433786
0.10450843341614842
0.3569126006362179
0.9223874401693656
-0.3545581636248475
-0.04239953262874319
0.43068893719458956
-0.726476009202735
-0.149639331991763
-0.8511157091763965
-0.3034697471944956
-0.2525043194502005
0.09511645838699764
0.8927436288307137
-0.7301560474874977
-0.2145215372859838
0.7023866895504188
-0.5780426974593085
0.7485250711235856
0.43516531214847787
0.4163103808061523
-0.06850641999487514
-0.11994674658180883
0.7930077071001094
0.06486200740559632
0.5130258064784129
-0.03240703170908707
0.44645432744801716
0.2799897400129028
-0.7288344490972788
0.22646084274005868
0.2602979668674954
-0.32425509587784473
0.036463026214882614
-0.39173089175443554
0.2980515366408683
-0.795776768675248
0.08187617655316425
0.20319765323911418
-0.4830594124219546
-0.557229066753441
-0.8462820691862921
0.0022991691401712242
0.270916316052076
1.0107303751901937
-0.6721458855724335
0.6232146181959834
-0.2284073030572637
0.7870755788739989
0.5725069973031452
0.9860703474568997
0.3454842388569017
-0.8467785356965621
-0.3548423315474511
0.10493961699658418
1.0034590825378185
-0.6950121227497559
0.2720575490031587
-0.09933578377673706
0.909247056819168
-0.49417871320691475
-0.5391572003048701
-0.8009615856773077
0.09372480871248931
0.6384068427286298
0.4007717298344573
-0.13346712482160603
-0.29284935554319236
0.6126910689406596
-0.3823218595435939
-0.005937394237221974
0.1835215633424793
-0.2725641062312626
-0.7404889545431002
-0.3796302449161377
-0.6900925227037392
0.32110552919436663
0.3673822846130408
-0.3229142669049221
0.3390267088522655
-0.5407704354398236
0.13078456814144268
0.21643712422143038
0.11861242033919472
0.10385154194816112
0.6019317426385155
0.9166082913779031
0.23363166344011838
-0.013420642556157268
0.7994369603186964
0.23159883602806228
0.17694659137963303
0.175580582020752
-0.3598041291767666
0.1803965193352672
-0.3711047949638084
-0.3485149996179266
-0.029552594631463862
0.7053652715369113
-0.014783616379686193
0.8462133823513974
0.272995702655536
-0.531926811496612
-0.2071400009171239
-0.18027161254336838
-0.3646998072515844
0.843322066158785
0.43575766628798906
1.0784224804856481
0.03134926251329169
0.03208271228760838
0.002913526844653321
-0.18097260011470803
-0.6314437126963758
-0.6129521846429578
-0.17483794615257095
0.30169004240563324
0.8122115886902461
-0.15672966450409329
-0.07370051400877843
-0.8649995694503599
-0.4728858656215264
0.08821178637728394
-0.4102024272007837
-0.5292962592888216
-0.14170027162038065
0.7738070763787495
0.09940158717890321
0.5814271431984068
0.40398573145976285
-0.8690214552971856
-0.32085282728377296
0.47786481591035646
-0.27033778935134795
0.9256712769088768
-0.47379019673466655
-0.7173149815305662
0.3990189622441774
0.21490222777899046
-0.36741477227731284
-0.12867375259440395
-0.8565128090532985
0.2075524234430061
-0.1906467733403715
0.7466931575999515
-0.44873599308718515
0.12083961947407125
0.930411651608674
-0.05236399758846283
0.31405622333982797
0.10778632237697663
-0.015115714426228619
0.5956580782858556
-0.24133927481188241
0.9072279341885681
0.0875013029686491
0.764478765294346
0.5748926840263817
-0.7655499764848088
-0.4768547262203603
0.42382948328942505
-0.38390185009456285
0.6352219325728234
-0.660967188929471
-1.0590893338442986
-0.5645592079808655
0.07569905698799907
0.8111953739825786
-0.8049579202339006
-0.4031290796509131
0.39818880067722634
0.04415013344392999
-0.7328540003904428
-0.8658806729822771
-0.6017767367623915
0.2953113529176714
0.08993204606198085
0.13902510170502658
-0.2075746690400075
0.97144110652481
-0.2105766427899365
0.9568584864714018
0.18669352587622645
0.21927285984474548
-0.5532225394786132
-0.5149676147020439
0.5616628328455968
-0.8994815361489547
0.4424106639775868
0.2630686345197943
-0.7790388970683712
0.220158982224484
0.6538193197001566
-0.7042967053318213
-0.3970852820675678
0.017508988138969284
-0.33815945635225114
0.23078914880553805
-0.00016415281972296264
-0.24844463366918348
-0.5357307967336844
0.4810850502285853
-0.10299931214820068
0.5845340121041904
0.7635252823920933
0.4617472580557774
-0.32906189772926475
-0.27608722644849365
-0.8632293503232286
-0.9520951923423411
-0.4362494636201717
-0.9563862426648942
0.8503000443295905
-0.6647286509284391
-0.9109349840028025
0.037590560281176265
-0.039861575929823256
-0.5273068614386769
0.6864212630568187
0.22351333841164736
0.5621619226182526
-0.6650497832473651
-0.9206206574982038
-0.3804295928237235
0.023070950920342476
-0.6834017071569307
0.36244725479299517
-0.06590833032005687
-0.5313842658984324
-0.052303905315948085
0.1901321008826161
0.8567894669654735
-0.19291024378669636
-0.2749355009020651
-0.09001186910201658
