0.6925402088748994
0.7232205903631199
0.8940911816127309
-0.17122272364043362
-0.46594322384267944
-0.05261768329733296
0.7922077504035694
-0.6564104634599445
-0.968079129410805
0.4173801809905729
0.6702639173452403
-0.25919385189611466
0.2921235451010907
0.37426754242094734
0.06307629070781227
0.8386445737610648
0.8602714189424266
0.09349196514488678
0.8235797259039002
-0.04797459723653333
0.5367161255446768
0.8635444420401968
0.6465529216899187
-0.7158972650863802
0.7911493171431447
-0.05968656097070427
0.43028219733097295
0.9217623123678942
-0.25564095683052374
0.8175230568312555
0.40101496937469766
-0.5906618437592294
-0.6590547693641954
0.6483829974218157
-0.24800401565146932
-0.8780652225843112
0.9562613520864668
-0.5274492778034378
-0.9006657868489287
0.21617276646685307
0.1673179834313431
0.33968864182003444
0.6694447136586975
-0.3029044579274329
-0.12619755869967011
0.658797862033348
0.925151101630168
-0.5968858179075885
-0.596951159642756
-0.8966835212071272
0.7475851422902162
-0.06351428506220097
-0.2345552016737198
-0.7717600209303594
-0.8249508094989024
-0.629033354137273
0.22794498099177432
-0.7881189985370922
-0.462025693019834
0.46736857792175474
0.9925029382472743
0.959111773245984
-0.36181315168963163
0.7691573060148164
-0.6839348280174297
0.08250430902450684
0.4646476389738866
0.424177161074553
-0.562590956760038
0.665294937861027
-0.20817140712309157
0.8422017439301087
-0.4171114594512577
0.058342205163562776
-0.2395949149597731
0.01478176937148734
0.30912465776117537
0.4436220369702109
-0.7176861958779804
-0.974158162265221
0.12162660372882658
0.43583173655515833
0.023474412075200422
-0.19141859530859512
0.08472079243649476
0.41256401258078107
-0.8052169207057268
0.09322878854457757
0.4134045757636725
-0.9403161290386284
-0.39265021262823274
0.6669581090764098
-0.9161065359910963
-0.8327164664071942
0.33834198609538296
0.016953061018700047
0.47708233686731477
-0.7559676454447373
0.7482571422552546
0.35143098022135866
0.8615058229731414
-0.5143813631140186
0.35500986619980274
0.17796428749900273
0.06646167154378438
-0.8922974226775925
-0.8627176800499831
-0.2827115132147044
-0.8786015751713973
-0.13494226128410017
-0.255386659270369
0.19699105942641115
-0.7984642353997291
-0.7763543896774966
0.8382008063181808
0.38087848422763865
0.5798640705036529
0.5299438956619295
0.37762316577776217
-0.8660496626192005
-0.5312427048863284
-0.24176831200546797
-0.5514981177985864
0.9179802691151853
-0.42595180450371667
0.48336643651774186
0.8766026667270611
-0.44859153071395336
-0.3869047931017152
-0.8548722155689357
0.1783115714277642
0.3252642930357973
-0.8489840876436031
0.13509003100776493
-0.5805059232572087
-0.7270530403418396
-0.4482171856539211
-0.8001258653833915
-0.7617388906578781
-0.7741017195450532
0.6945462061377636
-0.7304240702307017
0.13822488134320485
-0.34994507094727567
-0.7402951765496442
0.8791457467171075
-0.5000430156999848
-0.5297880391316361
-0.8057622064160922
-0.10058313582951314
0.533401127086547
-0.1767898672148713
-0.40430104758006113
0.4827468172582062
-0.5915614933288941
-0.8482187634359476
0.27023541915314303
-0.03971340672464455
0.5053865233588495
-0.13878343672227503
0.1389818223754991
-1.1253614126487652
0.6664590572460785
-0.6494964585326953
-0.7923340782559007
-0.8569126504568166
0.23933272389039117
-0.7683447177024176
0.3187344081039744
-0.9667969168035926
-0.26811234722211386
-0.6935526072328071
0.051171596811204964
0.5507375711921492
-0.3079612891993172
-0.8331505795783463
0.9095638936084789
-0.3324189347243167
-0.40984841957573137
-0.40078262761424704
-0.49975556047035163
0.5936759441833358
-0.19754175480225764
0.9355851432202588
0.4072217883512036
-0.49447235865209016
0.2440494639724217
0.6663468532971223
0.5113960221425601
0.3574347510183831
-0.6293912089745957
-0.8920537891111439
0.4209968341146409
-1.0044685499304784
-0.7851801618344463
-0.8773329038149834
-0.34378042475227705
0.2538492818445105
-0.0652748028725328
-0.7431382791865233
0.9280362300417904
0.1679801791559851
-0.33182003054864273
-0.34138496672975926
-0.45786828763015
-0.6975618386785981
0.7579705191620408
0.6791407026883682
0.09371645331079631
0.4781531227852116
1.0933943295928201
0.43251957591053397
0.03671669840518592
0.8869318026030787
0.08483558105392289
-0.5708965723119195
0.07332480228095001
-0.5125331780289376
-0.9544927493452317
0.5800083342628294
0.4137544894213166
-0.02875187158899186
-0.8976773806355396
-0.3341189844244221
0.6736263734741645
0.6501040072144344
0.7827329753045633
-0.24702350651205734
-0.9294525960234782
0.026430943249140366
-1.0218842071262995
0.08708593635580511
0.45512434184725764
-0.4951837614922165
0.544712037243672
0.17839009185646196
-0.739625209767045
0.9060199452969232
-0.22040598491346042
0.7671424804676433
0.9591912952754443
0.6812895512792793
-0.265181453887168
0.07314643890308552
0.6331350694184288
0.42912886034151915
-0.3664464171731432
0.41455525068488736
0.6325277879230429
0.6555709131337492
-0.6925068624962882
0.9806312533940234
-0.8407272897122385
0.22742030875488903
0.8182051794249778
-0.3547021412127745
0.2886885051844061
-0.9392047431228254
-0.36922520155563526
-0.6998060249463233
0.9410316769132444
-0.2855035668686766
-0.48515637423210567
0.4059108979782708
0.4102322332530509
-0.8667557914895676
0.1704073458868899
0.1250085042635393
-0.22675797649110968
0.1121684672547987
-0.14107862784836553
-0.46958559709366854
0.038134570842202446
-0.3999569080681977
-0.6482908415104147
0.6622518141134833
-0.6869841611329508
0.1330817564840729
-0.14629641258939483
0.5526473503341757
0.6941816165034551
-0.740127249613963
-0.9649611114984482
0.7808607525485374
-0.007860133330823369
0.779977619182583
0.19046268714147152
0.3038822105343928
0.17839766717510083
-0.605489899965636
0.2317965571833567
0.2871606220144272
0.20409307952793276
-0.08382099280312272
-0.5106467989763953
0.12697429436685673
-0.6062813955375688
0.39076360031119767
-0.5978768588639037
0.0287304986512378
-0.1620957547420146
-0.6422762293912311
0.1599304446453814
-0.1683966583681167
0.02922568296030892
0.09651427914017441
0.9393392939010751
-0.3870364350833179
-0.36503077892128855
0.5817906812970706
0.7197988321396914
0.758579422787543
-0.13884517132982374
-0.2737875125345315
0.261578029955124
-0.7063961100292727
0.4832966921567495
-0.6162555955334827
0.09413604611857497
0.26348235573468753
-0.14007475004333345
0.7015590513281854
-0.3707168923567155
0.20797097398913977
-0.3285337459372119
-0.14989681660591136
0.5390904396145328
0.6003122542915005
0.6291366883667666
-0.13115085607364765
-0.23277050560818058
-0.7943219183366121
-0.9298412640376366
0.5513361099777796
0.709821283403649
0.14416559749003466
-0.8045514943283436
0.16747410203759291
-0.7236188762428672
0.3101329046091813
-0.9113852475192428
1.0458226740743983
0.19883471231055386
1.046388215104439
0.828449698439005
0.8145700075741603
0.5552390168643385
-0.045666780124594686
-0.9816290007673564
0.29899450689326007
-0.46261199867997277
0.862549725221136
-0.1668933057405349
0.5025901258489021
-0.08000725061786457
0.8863093023018697
-0.09313522320073078
0.33666789440293315
-0.1722696443322356
0.3984721440950359
0.40440183664604207
-0.20429457195185333
-0.9126150881960194
0.5257460360097409
0.7782838479525245
0.42196697282649487
-0.4537679811548074
-0.35627377119640263
-0.5447062437631995
0.5432091176232119
0.06980119156464293
0.1938364951576842
-0.4084664989046772
-0.624292039105149
-0.08912659868141987
0.39995735982006075
0.5780004994239208
-0.13764438386948666
0.4334858242832308
0.34099130972781205
0.17540975216367033
0.6843020385652318
0.8382752773558128
-0.41391675160297986
1.3041076774391367
0.9689025508938992
0.3981786009126549
-0.15058610435214928
0.6442240592789333
-0.6692209307748077
-0.7940158379145583
0.5670094356183335
-0.9538039803819603
0.06377162482001072
0.44107476315389466
0.5041190897908817
0.5645220853737467
0.8880689483441111
-0.2709055762319725
-0.45567499222951485
-0.3490720981336067
0.5148396065718441
-0.3359589516060831
-0.6004187928575065
-0.344240315256898
0.3513242830405691
0.9462543015963226
0.01787124357805573
0.25624427798764776
0.8170558497680304
-0.1927753318780339
-0.038812973668721294
-0.6983256414881722
-0.44528481811065346
-0.8651110209707976
-0.27259102822306075
0.4785518032884898
0.6525637350998124
-0.027361889677361025
-0.8333310956616318
-0.5335327460406512
-0.04082014636137547
-0.667761809557483
-0.35591286251340043
-0.6013483112145994
0.5898385419207599
-0.07426504148379344
0.941286560819576
-0.32231490757488684
0.015241193777711232
0.2360285305304674
-0.37760406484993586
-0.06364869583154813
0.08976514572017041
-0.5296958704467941
0.8807212752941518
0.342920373059568
0.9078463805950651
-0.7444617512692827
0.5464153391199733
0.4234172176165112
-1.015087397573378
-0.5214842721529527
-0.21312136394827857
-0.292056031103447
-0.9970520688595914
-0.10597472881487613
-0.5639141948940897
0.4101250340344704
0.9396905770876935
-0.14946391887624885
-0.6272330866189547
-0.0754300626374975
-0.249505441716761
0.14003517486549272
-0.5443143226164546
0.4115445222790495
-0.08395335221777686
-0.07132835031674402
0.5973046361985329
0.4637329398409571
-0.3284102589544667
0.7525707620517968
-0.33008410094289165
-0.005266502101015
0.7696714853045109
-0.9936760709478039
-0.3236360572240281
-1.3449094643990045
0.5204533239814647
-0.39602079208381485
0.7064194289035395
0.7554603150577941
-0.9229136033843508
-0.041843658355406155
0.168469799941261
0.8487980884931653
0.3335111271105229
-0.9083575547716429
0.28507911456196966
0.5741652444356108
0.11931919577491355
-1.0640953427580568
0.438530729711452
0.05904833325621186
-0.28895532789160683
0.0578457619881641
-0.11708988713028581
-0.05001106125044212
-0.21127995178723785
0.2946948408293462
-0.09057746833555701
-0.24697591330375093
0.4153945054675136
-0.09921136276081238
0.46969063204295025
0.4061125627723338
0.31091092221763333
-0.08805070001330523
-1.078279837971175
0.8675592248206059
0.13802502806840378
0.9264240197856837
0.6871741193847827
0.2017410794173722
0.2856358557111242
-0.37732897791989445
-0.17314215986087653
-0.18550159387082688
0.41618967309300126
0.5904520367801982
0.6446566158199255
-0.7729535587626185
0.21251969806478918
0.7683209861791829
0.2589776235418143
-0.23309400508115374
0.6701080631066935
-0.43006782835247825
0.8016312715613622
-0.4788643157424749
-0.47786062567529414
-0.2884437824751192
-0.30316953832680243
0.3308566057697239
-0.6545490730503151
0.017983947369850435
-0.9035669175751375
-0.23854043155226914
0.854895721357858
-0.4976137499830627
0.10504010247993503
-0.7954558095618561
-0.278307977853825
-0.3298249229328665
0.31590729108930127
-0.554808629113048
-0.24268603041051293
-0.9301860974470899
0.5798389160381798
0.13407782446200855
-0.964824996864812
-0.0576258055219478
-0.9632867763399807
-0.33426058607976417
-0.525453901716491
0.30019593193731037
-0.13920423054800668
0.29730473513305755
-0.03130540384369721
0.7135490993965558
0.5949612672002733
0.038145163361995
0.6743860617758655
-0.755129300923476
-0.09559823268777963
-0.14181497997709572
0.3620128005628035
-0.06629792068412366
-0.21671330734981978
-0.005013907352466497
-0.61923494966374
-0.9067597835651897
0.2498399398004069
-0.3249965702104106
0.07159237069738902
0.25969387828754764
-0.9601542971816701
-0.4107007678716358
0.00530239604376478
-1.112006832141046
-0.6087045227520548
0.35945376640192395
-0.35732616737560735
-0.5813244770552932
0.07770024083983314
0.7301293426025945
-0.6402043471289119
0.33651110181770366
-0.05868399164142347
-0.22017323163903624
0.7827233824268884
-0.9891375087051938
0.12302821244759189
0.1314651133082556
0.3341991402038438
0.5229418562122874
-0.02593505320378342
-0.8609423441247817
-0.2730705251673948
0.36301788846453015
-0.5176008839640626
0.2530876357921881
-1.0637685531430359
0.053085061185892415
0.051788777849117035
0.6956789731111089
-0.3015076650669618
-0.1492871424970203
0.6343882137308169
-0.37772544170360417
-1.0398518829457362
-0.22159840221153818
-0.28838229187795344
-0.6849799776444719
-0.1566551987237694
-0.7166106904795545
-0.03249142197820183
-0.5611696950377391
0.8452332018517729
0.865925349469094
0.10183965728436413
-0.43548147554111366
-0.6974913534059688
0.5688773868605489
-0.6567008047062821
-0.42305558144852284
0.9715125168660632
-0.7732453175635251
0.2607109458095362
-0.2030188349807827
0.6235564339723224
0.21954289585451556
-1.1131561269785966
-0.3408257617767895
-0.7152274794255007
-0.002140656612802061
-0.2687056495830102
0.07310607025042372
-0.1588776926686034
-0.5494736481662736
-0.25188153185598094
0.2608384262656768
-0.4815767257190433
0.8334803910411984
-0.9481887751304117
0.23212675712298053
-0.4780841382473541
0.840388536907302
-0.9414342058752593
0.3429816164923638
-0.42876438615264273
0.57106505246608
-0.02494986781214202
0.3075577991795001
-0.03591850721596894
0.6552363169338833
0.6599599217235674
-0.12138012821953349
0.17144687478856746
-0.671747933001119
-0.12183346190416905
0.08387955778470105
-0.8041085247200034
0.1011596234363648
-0.2400606177403045
-0.2036886769573934
-0.022709722323073424
-0.4047519671219832
-0.6164634065499974
-0.47140310324644613
-0.5570809498070253
0.4108023052778127
-0.2844593968971699
0.8859806903449338
0.0036874678610288635
-0.8900626245033412
-0.6003941650393958
0.6864595260263028
-0.5740967463053507
0.5332901731669791
0.6994948331545794
0.9040223730831425
0.3853645964657414
-0.2760988279798684
0.6655534717022419
0.5424851283041611
0.4352784158589415
0.2832479217341196
-0.41229553438914496
-0.10792332806454938
-0.6534562614376197
0.26362905153335997
-0.4390018613104334
0.07810765852458529
-0.41208579410767215
-0.05095755385242513
-0.2214505705407014
-0.327425374150329
-0.41676478606596024
0.4526033415834623
-0.3451094591184115
-0.6046200861232857
0.6482508264674621
0.2286554751220593
0.985906970843811
-0.4165755839207016
0.38921180741434436
-0.3789723962506172
-0.5270855527344033
0.5900056907017219
0.652392654472576
0.1505183663668008
0.01816485171546967
0.25551047642697877
0.45906138940957564
-0.41272747898799866
0.06918615264274888
-0.34578529882109427
0.6139683096980098
-0.2931859613919453
-0.4217253829628966
-0.23549631661156353
0.7194385611913623
-0.12754325557832707
-0.07012529146158691
0.9200181906965461
0.26542294198249006
-0.4814978567800381
0.8457978356017161
0.47750166510629877
-0.5409775426202066
0.7952092943348059
0.3471776937387189
-0.9558661010413203
-0.04782352931105839
-0.8732813070342527
0.7846516465009138
-0.6878265154777663
0.501556372744828
-0.5508769180846961
-0.4262174594599007
0.6108359756147088
0.4519278250298443
-0.3796591256050363
0.841851357131773
0.00777552517736499
-0.2139776901822486
0.3988295089265103
0.9658653259675041
0.958179099717757
0.18206748847063722
-0.23668579410266252
0.8844671368064273
-0.5132653702538986
0.1119214466229689
-0.6335805442516652
0.7808628682561406
-0.09396100008199323
-0.5593008145196758
0.6018305967885914
-0.3661350064473929
0.7375634319012887
-0.6018211321441364
-0.27518936397882415
0.6150779395534755
-0.5394846183293327
-0.2603212723844361
0.19661182261815585
0.34592885105626703
-0.08540931484402452
0.304985121707999
-0.6061543942437578
0.6669119834950651
0.14202885204322568
0.7418651982292582
0.1514263600055045
-0.5296340219660204
0.24070770791286047
-0.16111176346968778
0.12478241482616602
-0.7731956170391342
0.00149021227312105
0.47934641449214316
-0.2610650053517902
-0.6540581119871707
0.9392138871438488
-0.2573233868123559
0.8594475670322806
0.44002440413308896
-0.7021618977523943
-0.592273760285076
-0.057603624268786714
-0.2112126209841857
-0.8575886774321949
-0.12174108619135096
-0.6394881251763949
0.8560019680155813
0.471870409957671
-0.24844465123974557
0.2251549339791248
-0.31007830491281824
0.8273739757619968
-0.8257199695686263
-0.29219879441752394
0.7829158515645533
0.826306499512676
0.22162414977908396
0.3521219234475118
0.3877547935795072
-0.6628088248703157
0.1181747842499086
0.24911454279851017
0.6101280069407135
0.5205368414307148
-0.546789007746316
-0.47176205514377656
0.07058991760017072
0.7194793223017188
-0.005462842555180457
0.7793457573772754
-0.2428435406665444
0.5288914407501136
-0.4909296661295841
-0.893448751333264
0.8045060142855699
-0.7729018896633628
0.3208762294291722
0.5809997248560584
0.41787631007147824
0.6652025164240987
-0.5011411747408158
0.784793568648489
0.21814269576484505
0.006580878827975045
-0.5593026137445114
0.8434975671483523
-0.1236880309903131
-0.36148259707609925
0.5577361621208282
0.09476165527948018
0.3505914101798519
0.7831815072902447
-0.7660629858677671
0.94103440346638
0.1072999718934621
-0.11411221994821093
0.6818493052360486
-0.5612571352584896
0.7378154596796612
-0.8080434437853549
0.9303533178244794
-0.370727122058748
-0.6845272993457748
-0.7391711369992076
0.8082110182057552
-0.8687481584120905
0.09252124718070093
-0.9902304696873477
-0.02614107910230568
0.1431914634850086
0.26752918955404303
-0.3345159311016928
-0.14729957123039975
-0.1812428427580761
0.019171749532834573
0.124097036919227
0.24858348739579075
0.5390111629211481
0.5833402763311653
-0.2438299950824068
0.3485823158967454
-0.23529507482655423
0.6760471620141028
-0.9618198657513459
0.2860003953249406
-0.9774137997103454
0.3949995830860119
0.7000625249740524
0.7426083896097959
0.8462951017675595
0.5625000781465892
-0.4395823058170239
-0.7904114025587204
-0.625286925832146
-0.6896708077286645
0.4696228860675766
-0.11215566507143168
-0.7171324945650048
-1.0037930965278903
0.022070972683972432
0.6635807210901086
0.4743369840433571
-0.725561524813895
0.7343218103829278
-0.6164760577199879
0.3615477160902222
-0.8770579934439683
0.6352965350323821
0.16369003161173584
0.842514934702823
-0.8335677104086856
0.12574418811475618
0.6926605710357235
0.02485033979354059
-0.3276066683914292
0.9712727474235968
0.11681777554041443
-0.9455538652823083
-0.3468013499480111
0.7851355683810103
-0.35943081954792555
-0.11970138893606969
-0.5453047862374061
0.43956603342855033
-0.7583981822190077
0.5567834682754202
0.3275571704356339
-0.4105569969948086
0.6517751057705228
0.16984044424350633
-0.5785338717128142
-0.946832440985182
-0.0012486130719311238
0.6217948409518571
0.29182144983480096
0.6010370868168814
0.8851458451694739
0.06949260147493183
0.7159311215682904
-0.5444599309148255
0.33100453057867385
-0.6850854126595033
-0.782094918158927
-0.36587240996012893
0.7371634444504215
0.41926129807618107
0.04910792346024298
-0.5837549031530219
-0.7053495643489164
-0.8465078369761448
0.8298513785421403
-0.6949436754400868
-0.17762135883743568
0.19111343086228935
0.15321590219210507
0.1906672494645754
-0.4255850441590676
0.12493071629450564
-1.0776453108427793
0.15298395609482254
0.03119900649423671
-1.04438498933309
-0.17684242466956918
0.41431329631216773
-0.7392969517201281
-0.14575812461541285
-0.5712202609073057
-0.0077858703938994776
0.25957105097556293
-0.49850822222519475
0.37493343095286924
-0.5146625956055451
-0.4582721709214433
-0.8308466590161494
0.6192561094005575
-0.38569134100029745
0.609103954108601
-0.03398973130068712
0.30984655534741734
0.31254927633344814
-1.027016016283441
0.06966132552311603
-0.04405461846556006
0.1030088001911577
0.31853879106933103
0.27397824318591224
0.21589781134854483
0.6671960017969781
-0.6598338397407434
-0.24505092126635528
-0.5786399895468434
-0.17050104827739368
-0.516168952191915
-0.22555792987782913
0.4345868867180982
-0.6582059946130446
0.24580568189990706
0.6498103830173938
0.1156139649445159
-0.8215186270938718
-0.20261374717111807
-0.07028955312535333
-0.6355219838169228
0.21407085685450328
-0.8435804896261753
0.7587307812018588
-0.4596429533028306
-1.0460678407513293
-0.35654627751312434
-0.8713961802505996
-0.4640976963214854
0.3480261816172268
-0.17801502824261828
0.8944321045837442
-0.04402405300677823
0.6019315394109264
1.283633136210386
-0.010680409664266088
-0.6463686812607493
0.05861152086310202
-0.6214065660037079
-0.2734925686899975
0.2651202892503439
-0.2508403937847045
-0.16771785130894878
-0.6910743393874331
-0.9281025063517515
-0.2713153562897246
0.5787821503877355
0.01740323265524041
-0.595691148267877
-0.5386109248539325
0.12232033387050044
0.061940543017158345
0.11188597233212727
-0.8626861604355064
0.9097987403391592
-0.3267489675697908
0.5653815562082897
0.19906695776620575
-0.3808068397577545
1.4103249208249866
1.126692751912229
-0.42074498360752616
-0.719620812838121
0.39728322874377703
-0.02878005645563573
-0.09152095048609395
-0.6864070406437573
-0.3262008618969976
0.3920052966209132
-0.19423588438122746
0.6555305288309612
-0.7489527095133034
0.9217584432730097
0.6968924598563107
-0.9824442475056087
0.7103828214504615
-0.07688095623325025
0.5983227955148656
-0.7833567112462643
0.7541500114472302
0.42057174890466265
-0.577938659321528
0.5289632024510073
-0.6425383563183048
-0.4240352157842389
0.045272428355150676
0.6100755129513925
-0.026624108335439774
0.5556867871758988
0.21376512744192686
-0.36083085400632803
0.3867290626101186
0.09593336787014636
0.3684986368318937
-0.4432448636137462
0.008377065658741646
0.8266731692814999
-0.7803475693662764
-0.5390160720322315
0.9896400581428432
0.20032001268100147
0.7001769979557474
0.004885472312419557
-0.13339133995888106
-0.38298871463677847
-0.2482768141282325
-0.8207848553743935
0.40213824564471323
0.9843955747010497
-0.2530036140795926
-0.11126644467045177
0.7894953762980469
0.26015476761778894
-0.03368606265911758
-0.7400521315498547
-0.7061034927290974
-0.9004123610515893
0.3222216996301539
0.43769910892937103
0.845725653413662
-0.4746189796931463
1.0284854458203851
-0.5198554457352219
0.028846710503038317
-0.7473855875564088
0.576379201612284
-0.9882315483755691
-0.17090923901314092
0.5593378174805645
-0.33540727719470376
0.7901418735725492
-0.8785092381915093
-0.10224374633085907
0.8011614698874772
0.9807947501432716
-0.8180513458002718
0.9410594510948004
0.06886586111820192
0.2901133742366346
-0.27321768681302294
0.6800468364161273
-0.03468503127710361
-0.9136812194815075
-0.7873870860833384
0.43703488013537367
-0.0674999925573117
0.6834066206013033
-0.6080897342073296
-0.5974888761772368
0.44428015727714737
0.3188986642803939
0.34067405579717425
0.04521649722294876
0.26771011880539775
0.4940213282239261
-0.7123290886919568
0.565741164926292
-0.20127971977689949
-0.4577885285850574
-0.3676861125472555
0.46942803765592767
-0.2574543293810573
-0.87240219478704
0.2786564586441997
0.11330606236095363
0.6634272880407801
0.0012143371212232146
-0.6245099411295666
0.6620483225287258
-0.2878989490565853
0.6785362367476977
0.39922716257706503
-0.00844935795817589
-0.6610505554432142
0.7480298119217398
0.8739139003376583
-0.021547619053505367
0.232371740342589
0.28021643407262153
-0.8924884374461725
0.31279381721369676
0.19492810895703308
0.11754656979302026
0.8516136008745592
0.3958011682875942
0.18617609555501421
0.8332338531976922
0.4027825705248685
-0.38627995108282664
0.9559250624564077
-0.1445984747019568
0.6431648033457243
0.5439340526624696
-0.27430743726610135
-0.12211832858284412
0.9356362908862287
0.17376457325571423
-0.062071578972319304
0.9518394664314492
0.5650825218701231
1.1790645029615718
-0.6834977383109654
1.0579223129759041
0.04059362171393204
0.8913423457605197
0.19686540459442992
0.5630852697280814
-0.28776976315032554
0.04054985814063697
0.4239186804519409
-0.13833099573586988
-0.2932113332874219
-0.07442927392513221
0.3923006265420269
-0.9988488818637576
0.7198474993786834
0.06159420758851336
0.5250868533496684
0.6001227060920781
0.447101460131564
-0.04265297009265498
0.27527641694460664
-0.19308756835686958
0.1816350587759948
-0.09764198678013507
-0.10231865986250036
-0.6231765169785255
-0.12954650013349137
0.5261576883624578
0.2747501296972846
0.588686926939561
0.8022017557898252
-0.07411601923775582
-0.28338772434508486
-0.9887113816778051
-0.6838327507731079
0.5548911752538903
0.1780476262775518
0.3810017669248178
0.4928020641314686
-0.6753206007885659
0.6515279361246118
-0.8485967873798517
0.7716436093585377
0.8429118844232463
0.21573092436963215
0.647992337942862
-0.16009465016911695
0.5115139635681719
0.4013130288175949
0.5834868330206096
0.6469869001657024
-0.32940183279441376
-0.5541595846267858
0.08511179269502177
0.4469985165688909
-0.35489216006965385
0.6483728876589459
-0.5512910474649939
-0.5195283868549379
0.07156632037685351
0.3549865784018538
-0.3595155729023589
0.21217941005253818
-0.7911778786635855
-0.2547595548612999
-0.08767294204850036
0.7290393624241648
0.8359889176945463
-0.11932914343944466
-0.11821696062673549
-0.07963715342641
-0.4589802891016437
-0.904598770074524
0.858489405238199
-1.1036351299751779
-0.3104116357565821
0.10506316781928794
-0.7634882127303894
0.74503942373094
-0.628916031027871
0.9842669610862539
0.6203816414109309
-0.5113285219676075
0.2627795471579691
0.851978077733555
-0.4287996332796051
-1.0099457612343659
0.3789060258303444
-0.0604748193932262
-0.6381545142352648
-0.4390632268883626
0.09435079826123587
0.3352348022332862
-0.02955148751549146
0.019288078834818343
-0.8772364473984215
0.33101875510264306
0.5033559631467471
-0.4738632963416372
-0.7400344671133379
-0.11554453749318615
0.33008522812675856
0.42812885681160423
0.42159456551959323
0.7860364845408846
0.618215735835143
-0.5183335527182092
0.779752037154077
-0.43934990874199586
-0.1607616630744333
-0.21292111259677937
0.5347143775376672
0.045690066211280335
-0.3505802504792607
0.30936559565398336
-1.0325100563146825
-1.099237214170614
-0.9197807659833248
0.3884807516528378
0.792365179081377
-0.13288489448018873
0.8590009708436984
0.8179960438799541
0.04065174021225483
0.7951176747019093
-0.24351234077052136
0.8841547922973034
-0.13228084781577296
-0.7769388336006289
-0.582248434425422
-0.6447530292306646
-0.2984759531347153
-0.25839732235865537
-0.9441384477296569
0.7002689020668389
0.49253434753418973
-0.7465259400978516
0.5191029591246952
0.20195245445948926
-0.023664189396974507
0.6393177879800396
0.488266140773198
0.11749216829391204
-0.47318745937000767
0.2982128568011349
-0.47288594775596593
-0.6612656490788266
0.7381529717739317
0.11849233332955088
0.9419048734314927
-0.7803791751633598
0.9590638641980315
-0.8594818114993181
0.18114868070013937
0.14011930164667888
0.935828754421857
-0.2662665660049112
-0.3438857474746941
0.07138113723676162
0.032736173696860216
-0.2797671517084889
0.1871295682700796
0.6768588258966963
-0.5634231917263536
-0.3267938717367659
-0.7216656201147845
-0.9572137781359252
0.43869725744923505
-0.7842375369719868
-0.1541237341051601
-0.26941827317263206
0.6010979606210599
-0.471549661719687
0.7590645951528152
-0.9246196913899258
-0.12135593548372033
-0.7659660303229802
0.3904063810948015
-0.1228127575825773
-0.4577367665602083
-0.7155282817602354
-0.3406558518722569
0.28701232289702255
0.7540650525281415
-0.9883796041898285
-0.1639203816355749
0.5269739706857329
-0.3023904281802306
0.2889511866983619
-0.7799324891832766
-0.7530412096042755
-0.8138413023979583
-0.4753140355076923
0.041077969776470935
0.3497482683748378
-0.26655808686814064
0.2814610625099713
0.3403950889041138
-1.0250918588194629
-0.3811636970516229
0.10840280072605356
-0.92278208047808
-0.42677504311662007
-0.5715778880723501
-0.5457785910911905
-0.5857079120123323
-0.5964753869046016
0.5107990592492269
-0.9976532751481552
-0.42742358188622315
0.32461768654715056
-0.8786180016548006
0.4020035936682496
0.023531296644356645
0.25625795998273887
-0.7276332000911617
-0.24609952256989573
-1.2415428507115913
0.394567000782251
-0.027988327651251425
0.15111858224590544
-1.0003360674320845
0.5574722337478504
-0.8977904472731899
0.2789482777652323
-0.4074551983173404
0.6323039025510929
-0.8374183259259121
0.15600709337788238
-0.3546438054859783
0.7833173012074508
-0.4509407753275386
-0.22386327459788516
0.7038545062690166
-0.8822273449267022
-0.5721785766319745
-0.5298699513492917
0.31875046985019906
0.585515441728314
0.5679403182990471
0.6087807623113516
-0.7414380865837634
-0.8389697080986912
-1.0730417518278261
-0.20704756568688173
-0.7996217318487436
0.5165044903220539
-0.5601231626161352
-0.4857303359499611
0.5199586114918748
-0.39676461966822346
-0.2613660260238882
-0.8692088802524277
-0.023667687982204796
-0.4192724606631684
-0.36610576184961313
0.22501896441959157
0.10302607959093374
0.24333585829512608
0.3405723306354275
-0.8776351214283175
0.4019391720491927
-0.749496234977226
-0.2813469082112168
-0.09665131007578752
-0.5708325824098123
0.8726155058937746
-0.8701857544292575
-0.1805588599971623
-0.9155482641971465
-0.9251246434659885
0.17373679934305686
-0.2457730539539183
0.24499282168473113
0.8440304244637518
-0.5178401879273615
-0.06708779918987569
-1.106963678608315
-0.3412538691893949
-0.012532524984847892
-0.7800150048340261
-0.22833616069731938
-0.8993982906577779
0.8486209895829465
0.06768247522947193
0.6848687787157062
-0.8699368352849258
0.6795299855402079
-0.09548779983004088
0.2966585237426551
-0.1948203222379144
0.22313434843174462
0.16710387313767391
-0.6795957945334427
-0.19347986252831703
0.5954114990113442
-0.4359406039091756
0.906671192726297
-0.7013667850202249
0.8644802681072068
0.31880586666752114
-0.6946947025308519
-0.3310112617849446
-0.7431511206087993
0.21024499734884444
0.4298790339099962
0.10053616815865184
0.47939389948292255
-0.0865613056693086
1.1297190796232928
-0.10111724373463432
0.41292995975912444
0.18913579347073745
0.7704311078501124
0.17692665654968676
-0.5424320425249246
-0.5280425452467339
0.5623693681487728
-0.522998506213893
0.16445164803221873
-0.9001187765684039
-0.9229863975688826
-0.5193533831108585
0.37848938171366064
-0.5957348098499737
-0.4800098127928336
0.13838061651207698
0.6734487454971321
-0.39003058077527447
1.1071879606948047
0.12661713759643345
0.8646085834522355
0.22523304936668312
-0.5240470039716277
0.4925089912075372
-0.6914206901419941
1.067033979823838
0.04216679135439672
0.08528536076266109
0.42735980758635594
-0.5127038222792253
0.04506599152472477
-0.11765485224396323
-0.4668528871005786
0.6891947246991075
0.8023312432176151
-0.39749421681295816
0.6926524654218325
-0.3785712159941297
-0.3515636148581945
-0.9355478715945905
0.9101763943014988
0.9770870126178682
0.0951509148466042
0.5324351959412882
0.1490418195369342
-0.3221613071927501
0.24567988818088987
0.5187721102459488
-0.513520710181681
-0.49469526857807533
-0.35035741788827807
0.6799895155098215
0.17289782719331337
-0.49769220456335306
0.444456630642467
-0.7441338624670817
-0.15401629181349727
0.2162948165942543
-0.6527232642393965
0.4720142686676593
0.2022536413769401
0.6939937725980626
0.5827228987558992
-0.2954591015712745
0.7781931637710237
-0.0002857274374107347
0.8784541066711887
0.4223611052131397
0.8407706635485839
-0.44126516403920296
0.7267057209850871
-0.37484270450663665
-0.4233223472581627
0.635036930050402
0.8353623487711923
-0.6360908659783199
-0.4100829666978683
-0.04305637865057493
0.7228987773509878
-0.6235848029697628
0.011942391055274143
0.6046409695411376
-0.7971094281532268
0.7478426977604287
-0.5737736156544696
0.16130564519550286
-0.583564514883459
-0.9880106806045426
-0.8010680839370802
-0.875857016578346
0.05950380115532208
0.9984198440476093
-0.29526699663272765
