0.7180690728129522
0.6493401068833893
-0.736145397389097
0.6828113561649992
0.7708854915300349
0.6132827560166396
0.31619679517723087
-0.7824636501365607
0.7147235407793358
0.2918709414643553
-0.5544864160869398
-0.12319637628590811
0.07081715254637848
0.6266204319342136
0.7622326437376139
0.16111234904930305
-0.4720793823865322
-0.17009025301667777
-0.13634602032885185
-0.7557772402274087
-0.5949891690497905
-0.09617061866309533
0.21101621283450062
0.25056942699572843
-0.2655153693775172
-0.34155875904350347
-0.31384024627201623
-0.04641972605376319
0.9016515429528409
0.9508144156143443
-0.01418533140884583
-0.809940833757481
-0.740437981770418
-0.12464869051395236
-0.014636805938482968
0.056280522835803086
-0.08263266265654409
0.14619540754517488
0.35513860580051054
0.12749426495350843
-0.17263944442275922
0.6346271866209695
-0.43245376592128826
0.7928821574756487
-0.6868215595598248
0.2968362113599607
0.840241404476693
-0.8392401283379602
-0.6603848683490856
0.5235714372156035
0.5205549898683258
-0.05259914795622311
-0.005010238464803593
0.1903534432426745
-0.2606809118830154
-0.10563961079596353
0.8314794737917468
-0.6226673642237133
-0.7494746470713649
-0.7409229961623186
0.8275979177737548
0.030772360648302546
-0.5927218131172761
0.4780712327503494
-0.6695245659536502
0.6961001279010668
-0.5828243418056466
0.7825309872082685
0.3699480479662889
0.9772706616436324
-0.5243940467723474
-0.0960770721388399
-0.37310348558498213
0.4223070978932291
-0.0554260184791163
0.8375609362975471
-0.14630994401974318
-0.063268528131941
-0.4838005889507925
0.3368944523919294
-0.061384139028189656
-0.18582647967482202
0.3960734762665179
-0.982621091314725
0.7263335316900456
0.13784650743213447
0.714609777608584
-0.5018412070960918
-0.3742693087104105
-0.643694572414437
0.09823481333527782
0.43140501838733825
-0.25957610522874064
0.49774053294443465
0.3639664897052611
-0.5827207510281203
-0.6758255490134529
0.8752603248847362
0.45083653327594025
-0.8325118629081425
-0.12477138248033053
-0.5644374384213922
-0.9171440093372044
0.22227106941201924
0.058528044852085105
-0.8307048060061972
0.4003932888219833
0.33422103640267464
-0.12467767114848195
0.5485425450728071
0.6824888635845231
-0.8782336811909696
0.432044071679741
-0.6288760687281766
-0.1396595958830922
0.4998906756200154
0.3682903299070923
-0.6731503821623596
0.4747198295488905
-0.9504973472988288
0.735458777899695
-0.5708007390387919
0.6753335662815855
-0.10194382920775401
0.17250300953224598
0.6242126977710972
0.23003119388077112
-1.1694330179134245
0.5592059484933644
0.1726534567301601
0.6512923739132608
0.2004708701293789
0.5691673620548786
0.5155858495353983
-0.4998369467301085
-0.7951593368033903
-0.28661007095759083
-0.2511705136207214
-0.5071869679166663
0.2122603970004677
0.6147270838446419
-0.5457169965439144
0.7772837943518508
-0.3541154690388652
-0.3599954160922013
-0.3142660555598741
-0.12607124923125035
-0.7900921580759543
0.9055757935236292
-0.4902104351982729
0.20992528500882798
-0.9263792849775498
0.0411098266727037
-1.1531334616295739
0.1753871515350251
-0.12979905347671283
-0.16973112660352205
0.180439168527191
-1.0933781496813069
-0.006987464711625077
-1.1981109888156614
0.5403531287651714
0.15997356211907496
-0.37827712685232917
0.48289587338556317
0.5524549114558729
-0.5704489438103084
0.02794180328732447
0.07506211009629762
-0.5129649734522453
0.32671145035729876
-0.840843907673477
0.07029320769521769
-0.18191383314421716
-0.7860903375485595
-0.21900362646737168
-0.06337780737413093
0.7255847364951594
-0.4131972367025186
-0.09628630569141085
0.4442505117108485
-0.6004785818119014
0.2647061107507197
0.5806851642332037
-0.3072344975621665
-0.8643329834188975
-0.4291620744183991
0.1970697474142884
-0.054478081428460494
-0.038246535504284654
-0.3521151896661136
-0.7213004205625715
0.23310363907294696
0.6714386395683332
0.5538685292611173
-0.7152097421600598
0.021883080953996336
0.7293108680234862
0.8147458441729278
0.32990807782144593
-0.8073009499621833
0.4184052873190113
1.0069927494085307
0.8875782592277277
0.607352854971411
-0.5187101758599516
1.2333478163325213
-0.12882765352995704
-0.47857157845474757
-0.21091588571734754
-0.3576043424483982
-0.2369932442155246
-0.01865943624866154
0.7150952634464347
-0.38687329112620966
-0.5382839701080265
1.037608882121992
-0.6259295783050982
0.5190277214745954
-0.009143436115586042
0.4657077992709246
-0.6275023598288716
-0.09050369685250766
0.32826988355847514
-0.8557243420434106
-0.06109283393882874
-0.5430631512374486
-0.2586468685679303
-0.08935590888521172
-0.13115249874668553
0.3604363808769578
-0.049606473874603804
0.13386969490098696
-0.5261894975065723
0.31864869557991643
-0.34273340966953697
0.07919502816833944
0.8393114031471969
-0.15357694827235474
0.1331273655216276
0.8443247691675608
-0.4246403349098554
-0.03207305466152633
0.7516037539498465
-0.7512606576219809
-0.431435752320022
0.4031188362608518
-0.46965100381803093
0.3052998811023692
0.7430031663022895
-0.10669086472717258
0.06787727347592858
-0.6964799326855742
-0.5712709291907035
-0.8123447987908472
0.9012840538431476
-0.12774228793978223
-0.13387570964475295
-0.46179232712648494
0.7492516967934277
0.2917471711582453
0.9908901229528618
-0.22091821614605012
0.9719448592717134
0.6190486744955194
0.9293984756313768
0.13457349982416336
-0.09635739948624086
1.2650750080143043
0.05851502234892593
0.5756683382357105
0.5717432442886216
-0.41796599094942305
-0.31285624679275725
0.42444522140908053
-0.5723686169146763
-0.42712641180727573
-0.384152289744942
0.9440662552973461
0.7396746986989973
-0.8841224567432322
-0.6402653289765475
0.41451235351806354
-0.6942893125073322
-0.2626798312990928
0.7235082543089347
0.21797406406513925
-0.15642010234647372
0.15118642716373418
-0.24649741093447913
-0.3504298599986195
0.005655344908863968
-0.44546488193541095
-0.23933491926803774
-0.09833461498458845
0.7405368744722547
-0.2113979488364343
1.1822857487150749
-0.24669072230933559
-0.4097179075120468
0.2831487447721746
-0.7182720988551206
0.22162839662665937
-0.256959634157622
-0.5108138603581014
0.2882753059304803
-0.8707477787958463
0.38681549605397847
-0.2985785714380857
-0.3578518845605872
-0.6816690883632319
-0.18151085143540324
-0.7142794432263495
-0.7252667666154081
-0.3085164629585519
0.6518109903757261
-0.0063679012058861385
-0.8804824731722849
-0.6077016305871915
0.7153739311661999
-0.79539864222904
0.7060228902682268
0.7764352012277573
0.38271533609617553
0.04937274201347131
0.234284433926617
-0.48280175950965476
1.1768723376157875
-0.09136745219715771
-0.23602550918239276
0.5429880634876241
-0.8262627180361133
-0.30115646211329467
-0.03253041201163036
-0.1203331420096431
0.9163802431461855
-0.7318282466550732
0.7543206208033719
0.0065674903235925005
0.06838432488779582
1.0811530326304089
0.6772900909329321
0.37039441753420976
-0.8193316320060099
0.4197922443088526
0.39539744408203514
0.04766647538325793
0.0020400526905236566
-0.7449535094433151
-1.0954583338874953
-1.1751778550280203
-0.8315537355033593
-0.537630301648727
0.5816235664168218
0.6055815242595091
-0.6135778239151825
0.14989319884136654
0.697343970755992
-0.3457575166901348
-0.8036259539912678
0.8351145043986051
-0.17332038359233098
0.5302370804616071
-0.6691652516081407
0.14390546474773902
-0.4744031379307022
0.8804991374751593
-0.6514383350694501
0.8152000999876623
0.3944751154915825
-0.11270176231753444
-0.04598202241738295
-0.5256370283181734
0.04344793565495586
0.2682228940643756
-1.188477863492271
-0.8181938182076698
-1.0951185221753983
-0.9129977907100288
0.13015100257411408
0.23649868873937166
0.12344790067300115
0.6103732852770276
0.8108237178554668
0.35223172377573525
-0.417447118192722
0.7564923434899177
0.5869520936079399
0.21670445293901472
0.09270318245452436
-0.07325846045726865
0.09300677047875912
0.0669248335227549
-0.6784460681259011
-0.7223878421522301
-0.16201899690885074
0.24263563762675386
0.054597758646616916
-0.4872203931849307
-0.7280314772476592
0.5349269887706178
-1.1660276427029976
-1.2151686876357888
-0.7319363739408423
-1.0152277595162569
-0.7238838705433653
0.44581529057437574
-0.6896378070501727
0.0933968309915856
0.2559347090737972
1.0501646765499335
-0.3769895305331201
0.2843396233820881
0.4614899430466676
-0.1980628882534287
-0.4669548214170182
0.9564810545448366
0.46479518177210316
-0.5080476702951645
-0.6046705614498434
-0.21964078734740985
-0.364107411025857
0.329817911446955
-0.4059160576136542
-0.493789873333984
-0.2430541143894108
0.4688007997083904
0.5938625153742949
-1.3099394027153977
-1.0000710357824079
0.38448182397065966
-0.9324196456671411
-0.49206116889308343
-1.069959387565373
0.13110860077826125
-0.43875381122245727
0.30124009862727225
-0.6253304294086933
-0.009445238385690526
0.853860038189712
0.3224121326686335
-0.11873905884715122
-0.15712023538163084
0.5505662530834292
-0.6694016555654203
-0.8361601486228063
-0.023687151890247168
0.41868362319533325
-0.43152702464861015
-0.22514734820173435
-0.8206336424990995
0.5194836859859668
-0.7695642726361901
-0.20323319822649857
-0.4712353636540823
-0.9876128537451463
0.33018768019561445
0.29775491071350196
-0.49838332777488364
-1.1927826057851147
0.006634725364319353
-0.4411806346242976
0.030720289076310723
0.4020333564652138
0.08897628103476396
1.1373743891745052
-0.5329031695096148
-0.642989835420835
0.7977527036698526
0.034981838861749444
-0.5397293556403774
-0.3900483823888417
-0.5135340997705491
-0.7083840879343086
-0.32327073852461147
0.7607166063615458
0.7976707714221389
-0.4811761978399272
-0.41953371259377187
0.5551333095654901
-0.4383402515021281
-0.39887304885965325
0.45443041411751095
-0.8798184724038798
0.6820404596102735
0.5986308682292845
-1.1280344346592603
0.4244741358899299
-1.0635755145506152
-0.031025927295498676
0.41269785718329655
0.37759272372543584
0.6147405307099284
-0.6297875273944955
0.9553296060968266
-0.5087626435380863
0.9042926981677748
-0.71612158924961
0.3543706098862441
-0.05311657007797545
0.34167616643234794
0.24002186358480243
0.6640803150919452
-0.3192169767201686
0.7384924192277028
0.3641925996443588
0.6342762000752201
0.43330646331202954
0.4284225740712129
-0.48011095424341044
0.3789986601895709
-0.3776649385582046
-1.0810974842810783
-1.085054438646527
0.2819822015509911
-0.5080551219572872
-0.24099768711621164
0.794471234010711
0.49852718477212293
0.2967379683514919
-0.3146668082521552
-0.4516580123145472
-0.16922987286404634
0.3846566985300103
0.5866388005948846
-0.19356053483954497
0.5771126806092229
0.4581886649406193
-0.6943226049852942
-0.25320688520608875
-0.7510121339121488
0.22012304650151074
-0.1514136870238704
0.02236559339918257
-0.8842788768692221
-0.7023056505114786
0.46176766332442637
-0.5245211421381992
-0.3287012503025336
-0.7550041494784298
0.6179653807044523
0.5155979484631302
-0.2018830968397666
-0.2542611178277105
-0.261288264380185
0.22539816751894853
-0.5703990717715225
-0.30878946711397415
-0.5421422576984525
0.3393037539569582
-0.12290322078735284
0.6425967714170188
-0.8979220255703588
-0.0363487841836068
0.3416448766832053
0.3949724174160369
0.9077722122492695
0.33285191084336885
0.845664020785142
-0.7058236612749398
0.5824708751962452
0.7884923622095891
0.13057516178645345
0.5382780835203956
0.2631157459875018
0.09968054887050933
0.37281387265051474
-1.0118551420391895
-0.523129206568714
-0.10332581034194624
-0.3758868849589748
0.32229407618659195
0.438897038786096
-0.3875470746582488
0.4609486396237363
-0.4428801573097073
-0.2661378061931204
-1.0341176706170951
-0.6520912624831565
-0.6444168243267427
-0.7198413776300121
0.1911493107204777
0.5161007163843302
0.5347464707586506
0.00959131996946473
-0.3803812196010451
0.650499719128613
-0.21585626007881095
-0.36648438993012966
0.12934512212313787
-0.7623509537044227
-0.7193717790194103
0.19314498823759876
-0.12445727688887523
-0.23108618590567434
0.267907470337115
-0.991260411672152
0.5934423510085515
0.40045219442939517
0.5517041605561505
-0.5458743527677866
-0.21958600388578323
-0.7392148575236444
-0.014116169460966376
0.604940276856122
0.7423272855519399
-0.7353401125499338
0.49798995341432695
-0.8280653084383156
0.48068104281838364
-1.0094556540294062
0.23247651199257582
-0.014538164556346997
0.1888865672171309
-0.7594376301621449
0.0564807971583707
0.9332340446608179
0.896640108864685
0.46007639750248014
-0.6768623443279286
0.8806927311915507
0.16979214996331235
0.7373059432186155
0.7913793113197368
-1.0925684321253772
-0.06441103235139693
0.7727252206380697
0.053574516140107754
0.6660738999994821
0.8426555640084787
-0.47353529200512845
0.6233471506716913
0.0779679877223905
-0.3651590545281273
0.3996542086575454
0.1599395150664267
-0.6282614673363345
0.45617929280353914
-0.22547384637601775
-0.07469114354662286
0.11017715242152475
0.9460799197701749
-0.2272836303614923
-0.9371652282995585
0.44957122822712003
-0.7702054997708141
-0.2939612536180902
-0.2896515333417158
-0.9431740297977212
-0.13956811431835617
-0.15953170750629767
-0.5741597378332571
0.8795429294307751
-0.021519714723421762
-0.41623053973330865
-0.05828509810543078
-0.28284520050089856
-0.15218304076095926
0.47902560583222026
0.42690677312017483
-0.262501364486607
-0.3782094424382589
0.49034559163571995
-0.4018669197896849
-0.5184857695512889
-0.7099629636720808
-0.5030782296254909
0.1660857940229492
-0.2242973103188587
-0.3868437159719456
0.14227295182318742
-0.8304622459148692
0.29504471796810233
-0.24183608056071798
0.8487787944752311
0.34562210730429554
-0.5458326972946798
0.18802822480022882
0.4621878571239374
-0.30872853152874463
0.5574056990440368
-0.6226961967639233
0.2572627482376593
0.19929653239648723
0.23330501694886985
-0.2059832921442781
0.7796184313797165
0.9207174735255577
0.2895965753022662
0.014938110938919367
-0.4670031834624652
-0.4909503876236969
-0.1160296631916306
-0.08619323647612046
-0.9949288557572632
-0.7095460401000816
0.14025378532553553
-0.8680746625011999
-0.5118436033236108
0.8658479284606204
-0.6269966228759906
0.3498869192972091
-0.9912504339239192
-0.3715771881249924
-0.7049036508414691
-0.03094267058808333
0.0751514124936903
-0.5100064323770698
-0.3743473002947922
0.5365309843533101
0.9997949229196491
-0.39989664588238116
0.9425248097028982
-0.10012016865916233
0.024950518326290146
0.909914119681514
-0.4219114705560241
0.3696691981002306
-0.7738858990560951
0.26819724478580476
0.5679540154980668
-0.8678845389188311
-0.43748228266441197
-0.9851598581110792
0.34100687594348644
0.9918255516303149
0.5450567158412486
-0.4331575220478545
0.8754637255930436
-0.9136020980889987
0.5100448717662319
-0.8736852010145422
0.106614786102075
-0.5518408516144778
0.5397955707613962
-0.09007174396280213
-0.5734626945652168
0.132107381390752
0.8201661413115283
0.11013002065898504
0.5758152842152802
0.818275201258655
-0.645356421623738
0.3685838966986388
0.4576810620357277
0.9875398319497093
0.1150567236121424
0.41949224953543873
-0.5963644541530634
-0.20323892334892762
0.9817222721757525
-0.12033334002034146
-0.17276392888946987
0.27325460681438113
-0.6798339660068611
0.8733667678673979
-0.5620087351777094
0.16565008675704238
0.8512899960274939
-0.8834924790085588
0.046288795637386325
0.8316813521921286
-0.8141078946047785
0.05431159725933965
0.09534106917782147
-0.4689773950241921
0.41666757383777436
-0.3384085712458661
0.2880199031437127
0.9108797065951233
0.22385578382809868
-0.4606693397750989
0.27179208594887144
-0.3471644330868393
0.6673421147600014
-0.8554627048074724
0.2357497803231724
-0.038872144753201214
-0.32292260880403095
-0.4243595355863568
0.9052374893434572
0.3893919311296415
-0.5312700961557497
0.1887218770968861
0.862667389682507
-0.8215725489582215
-0.14499317592201266
0.2744797214468414
-0.4951991342245397
0.6986020361362125
-0.37693546023355634
-0.29638789283439004
-0.18911953677273322
-0.5921891875311872
0.4018343853945597
0.01757881465955932
0.07565501157690883
-0.735032378635908
-0.5416258449639139
0.22107353677402686
0.060597069382215214
-0.17145410796239624
0.07007748089565614
-0.41120358176400407
-0.08617655077981858
0.8108174096000728
-0.05014385699781745
0.056241677942313835
0.33868155055247834
0.08990761657259236
-0.9926216957345941
-0.8570924401123733
0.5736164971836472
0.7521339131813145
-0.7901918909879433
-0.20267269340465396
-0.0033938628942163365
-0.742655675536376
0.10752439900450288
0.6118266986761949
-0.27698013197443266
0.5312787621879048
-0.2808511080906716
-0.6584837608841072
-0.8344962440808006
-0.046407478255579684
-0.026373706117564753
-0.3440218461314256
-0.9995729191867612
0.516054120051848
-0.6816159278293891
-0.13558680351894764
0.507230077546325
-0.316726381811728
-0.7698718020275175
-0.054894806231804996
0.8560953784215847
0.8423875846330388
0.7360143475854776
-0.36837589369591145
-0.031714356692282696
0.02998314997296216
-0.23245304117796234
-0.5433737985445503
-0.2898654489748412
-0.6479829658888637
-0.6145030463544905
0.8378475610260133
0.6417003189229847
0.8816770967865931
-0.2021280389620268
-0.22227516417189375
-0.9249856653205041
0.8546405031401564
0.5818045821375789
-0.6771205790145695
0.20511016519245634
-0.9401363147664227
-0.6128186929243614
0.47936212524931443
0.46103184145980025
-0.9870137703999111
0.8954945318623146
-0.9286795375102844
-0.5811426910553452
-0.5147840426081869
0.7842164624983595
-0.6845575442652119
0.8116322349520154
-0.7602358441108468
-0.21817715944855173
-0.10760988903611984
0.27475033871797844
-0.49848348654737074
0.3458749800179034
0.9098831472371064
0.8360004339783738
-0.10931356238412238
-0.9054754877635227
-0.22943319846073001
0.018973309445391832
-0.8729560438079904
0.1682476048488367
-0.6234762982649679
0.3537602816713672
-0.26298801179181597
-0.8415303752997111
0.07159526058727529
-0.718854244202272
-0.7262504462027449
-0.012338625549842016
-0.5297062015985395
-0.2159671614215094
-0.3384258107643659
0.3394039223397669
-0.16735969850559626
-0.8614417604220515
0.8217423071606039
0.7156326983256798
0.08543572064253704
-0.2848439242091519
0.34928593966896043
-0.18015466021128246
0.7664229755823592
-0.5872979022175426
0.5269685977804867
-0.9807650925523502
0.47764684184383954
-0.9048032128505108
0.813797707860576
-0.46284061939592885
-0.5467612436762979
0.8125499686495762
-0.8730719223982457
-0.3458211165398294
0.6574745652254417
0.7937418160235173
-0.9206431210133283
-0.2365562090971673
0.4018208801824995
-0.5386569884702961
0.8415623561804729
0.3982304626948305
0.0517221282753222
0.595233976794573
0.39389563206039135
-0.2880133506057946
0.7904754531980501
-0.003003961718845556
0.7711875598855732
-0.15871690502158034
0.6006258736138219
0.00888431300546598
0.6585763277765534
-0.6214820935935101
0.2713032481384768
-0.49650326747224843
0.23428920023970576
-0.18766103027363215
0.03062709174087592
-0.21852699713224766
-0.8855210545009283
-0.6679517393224098
0.4444424972156726
0.7263455815561642
0.4856703242739722
-0.5246626412364349
-0.41601409714740417
-0.42219943168062063
0.6860908515909785
0.8687668948860048
0.41343305893543814
0.5121760085622368
0.9525706533053696
-0.24964215819095345
0.8031571815202582
-0.4173483571520171
-0.6411137661510697
-0.8291637165208979
0.5019624388750058
0.16650911242235553
0.3065541866066433
-0.537578558992412
0.7633455887438965
-1.0186565498458988
-0.23946684556490735
-0.6484470390223183
-0.5809259634493297
-0.04024278173391115
-0.9737921521866667
-0.3195661421936347
0.5472331451114671
-0.9875042631745946
0.7044196366353878
-0.9091165896813019
0.7700377522851898
0.10941362427403456
0.16782609130297327
-0.5763192133260765
0.5700072460985296
-0.12986986787665142
-0.33794095725331524
-0.7072932859392167
0.9353973655188607
0.7115909540834364
-0.762991403835135
1.1248312939938734
-0.17465627716904622
0.330670189442174
0.0883034161778272
0.02346022737192592
-0.7646077019826092
0.458454208215074
0.663430156761147
-0.8186935318886167
-0.24414001082528247
0.3317916204023843
0.7444071182405246
0.22999798979976796
-0.0011173912008811638
-0.681121201579841
-0.5467136486327532
0.4320451212369474
-0.9612001355794317
0.6833157142197189
0.36670384578934884
-0.3429291173521346
0.24523591792198507
0.7663086816262478
0.9323774504578031
-0.5678442937008501
-0.041216550733762104
-0.4116164806101302
-0.7352117667437941
0.22952815609649768
-0.6362274261764561
1.0968164643777998
-0.1047471077609905
0.3452486613070886
0.8508646151642323
0.3202517987062641
-0.5299544225598669
-0.29528446064267994
0.48685613465971894
-0.7246230710466821
-0.1755637106749939
0.16134099397375243
0.7475527538552883
-0.4212636751520717
-0.17808125453826415
0.3653479618169942
0.8266375972667743
0.5182463506876553
-0.2976364988294424
0.8987381901060763
-0.1391395231855183
0.8944255404433293
-0.5222251273814527
0.7034304503110351
0.9377974501377915
-0.14115327370418077
0.21489049582158576
0.027559085481348382
0.6478225554773195
-0.34074464512417557
0.8744966914436748
0.029596441070142865
0.9130124308741933
-0.03795498956992727
0.5541388315597772
0.5922273357573368
1.0649368702410003
0.3254498859008466
1.1373150465770805
0.16161320899125076
0.3477415132069598
1.0178365850304485
0.42968035579297087
0.9052131547185575
0.9245331227473157
-0.6940875349606107
-0.7121723483779482
-0.3816199110802975
-0.9869043534817488
-0.5831449221136255
-0.6117432304131855
-0.23159120132811298
-0.4255412458478675
0.5324925041544192
0.32247184086514885
-0.15879063850325162
0.7120388338208657
-0.3698191616520616
0.6019645086577473
-0.6160597217057887
0.031841587306441446
-0.2321359302021827
0.6933526121119017
-0.3359612039106793
-0.2376393027191632
-0.0928323874407467
1.1221862026815694
-0.19031111397471562
-0.3697750184582033
-0.398848587294932
-0.6624920403429728
0.2879175143610267
-0.32023215482338024
-0.4538482175173509
0.9626988523951747
0.7035707596081259
-0.6525371584161932
-0.9698731537357201
0.23015968442702717
0.0294620361970981
0.272288666145624
0.6107754288690262
0.3502513299062829
-0.38121668654923124
0.5029891550916957
0.32265104330826877
-0.7567300067091142
-0.14053196598161913
0.776545991972738
-0.4326821708357089
-0.6109994603637643
0.05947551981772971
0.35078790770551876
0.29707075445672687
-0.23130182532676746
0.24734275629076138
-0.6124201197234699
0.7658520385144204
-0.5103735805489331
-0.3445105326889894
0.6567023632862303
0.9545914168916014
0.7652019151171326
0.5001451199129704
-0.42143650310188135
0.15516652290369723
0.6766196944360477
-0.8098941995793043
0.7820615111069297
0.23353690316053646
-0.7502364278608236
0.9811832070977966
0.6925179211644782
-0.33287088236087947
-0.6886964216367122
0.3976936544039597
-0.29441868889736467
-0.725653990506785
-0.43068942510821506
0.2618762739210599
0.5425864854432382
-0.41786523865841413
1.0716855904203921
0.4710285181956156
0.4062627893910624
0.2744943115232247
-0.6238050906098224
0.44716180110701387
-0.8238676423177389
-0.7217296828425809
-0.8846557743285821
0.7161769887173063
0.13992092147936097
-0.9805554007170499
0.6122044562429981
0.8919225677672589
0.6531869500617046
0.29918519692475115
-0.23337750393294662
-0.5072489488705428
-0.11970964238068983
-0.6272397482598574
-0.17915881451127252
-0.719046224795687
0.14057655350374454
-0.9767997327692458
-0.30968900293422097
-0.41744066391298423
-0.44064515819716105
0.9128015028301832
-0.0934180880427651
0.41863559983888204
0.18741075501214385
-0.39755404487831103
0.8147694587802886
0.5423813191514927
0.6841627173496119
-0.7309747434480484
-0.10117384325451875
-0.6292328569667736
-0.45493215168289597
0.8387464685956908
0.49706022770194636
-0.015571088438099649
0.12020332625605198
-0.17382684141123506
-0.07941010100117993
0.2345445957836952
-0.5370514079735711
-0.8822570308907122
0.20985312378603072
0.039429966377751535
-1.3222102564987204
-0.20864665730940152
-0.969235231412636
-0.8543027635789734
-0.9503921247219136
-0.13731437266154012
-0.20014130125354
-0.06868511711677695
0.3120316979000639
0.9799763311271473
0.3590356306358597
-0.19881391811981422
-0.16264533411743357
0.1979604582201592
-0.1552968668998628
0.004822285004989025
-0.9719978815092315
-0.17610627495499842
0.15973637015730513
0.5702715307985734
0.34421382163978137
0.46191139401426456
-0.7533953352692468
-0.9641574808802952
-0.6550608980003749
0.6106776212315711
-0.7454454867916335
-0.0842844859612416
-0.2829268530415992
-0.9298344168273226
-1.209516576397604
0.8037734606597837
-0.013597567786269794
0.7302046508914585
0.7425342461133754
-0.6437141048604212
-0.35172516096937095
-0.745878864513096
0.25168910265069655
0.07303232600547227
0.07328143000314577
-0.0049313890005087905
0.6077829611231484
0.5028571000073163
0.5119540859461068
0.4507439275570922
-0.00842555361776178
-0.5480394885142822
0.22104336699872848
0.7266241472317765
0.6411165065456214
0.4059098814622288
0.8109499714020105
-0.9869527445819948
0.011041192974208245
-1.1303197363194182
-0.6917340601932164
0.6333819037909224
0.24601151149018782
0.7630283716316879
0.5877563442268864
-0.5263604842494036
-0.18578874186938987
0.41712464264650584
0.313074569802771
-0.3096304503085241
0.8116866542105704
-0.7522546410112317
0.30691312864658654
0.15240045703063576
-0.48178860022694764
-0.5862806372754604
0.04837506050171739
0.07636513073770794
-0.8193733068732243
-0.15905602513468764
0.6610956148405435
-0.6068498963483621
0.8405532529121689
-1.1520421373805971
0.5827581778031904
0.0493390063689623
-1.1109574296273517
0.4395787943675743
-0.19081567573329966
-1.006338550090295
-0.01918440787763767
0.0741078925309404
-0.6744333531853011
-0.42680431513040856
0.5412154868427356
-0.7617357803914615
-0.4319097823678182
-0.1511649409391342
-0.9363886715857371
-0.31980797211950057
-0.5346639320092693
0.8928456436974067
-0.2120469750682627
0.995906882008459
-0.738640530539204
-0.05915368676933514
-0.11346399305755793
0.463257271665176
-0.36136523863368425
-0.08593204692923151
-1.054630195739141
0.8418106774089117
0.1477012626581407
0.2929969658695334
-0.347113816589767
0.3211680578090832
-0.3771736818631079
0.032610591108993246
0.5305907571429379
0.6297479379178779
-0.377286248564172
0.1248427510986839
0.4981488883879034
-0.6793542714124822
0.10486156069748871
-0.013508840043359201
-0.40851575544827307
0.4025655103134684
-0.2425338438669662
-0.9041279389825918
-0.9908773148103043
-0.806664762733678
-0.869078473250878
-0.4666106869292491
-0.6601798363196608
0.2787199578817966
0.08504752781162651
0.8982033617469495
-0.8195684495952763
-0.9513312867606994
-0.33554808976426675
-0.9187944973704841
0.6715534125543798
-0.920149903040157
-0.18852826106033063
-0.9801242266725382
0.6978519431995858
0.3008445273316022
0.4347950738937126
0.7940874977907806
-0.4289120764509332
-0.8319237015226243
0.5537340733316648
0.39948002527544657
-0.7445720745174709
0.7013593698993101
0.2083339122426232
-0.250743064384014
0.8356144145969853
0.7160256934548878
0.13086002394537685
0.2338512091876106
-0.08581093109362885
0.23400665498467782
0.330058239319825
0.35322519471521197
-0.8469754446709826
-0.9210574305248103
-0.4025636251511873
-0.8953205258672322
0.6594804581787981
-0.5039291958430843
0.1927982109064484
0.7263764184635201
-0.4501877318944047
0.3021207982377931
-0.16270481099591144
-0.2225716451012192
-0.5267146236096656
-0.4964087897728245
0.6142875638934411
-0.987530428124926
0.3963578300855976
0.2268937605831044
0.1545062079320905
0.3664042401711998
-0.37283542520446983
-0.20022421391827006
-0.9009009827406533
-0.8889641068918235
-0.6420360034213942
-0.0007166833269703038
0.6130560426676521
-0.6481955347700962
0.028065370308853428
-0.06736121036645074
0.41706643862917814
-0.17361533209433355
0.6558158169070465
-0.5527189018013198
-0.4698938608507648
0.9576731820852761
-0.6926668333500039
-0.5752370055855683
-0.6706654498260861
-0.7397462331147812
-0.39913298714307
-0.4794020859073377
-0.34499124858872093
-0.9651164271776278
-0.7147784818162142
0.13967736587811896
-0.29938867174458167
-0.42088824651739737
0.12468593972576858
-0.30372095824941386
0.6192293021034998
-0.73600738374827
-0.6138233696490212
-0.08196531557889801
0.5276662640907512
0.7241654416018805
0.13406928420377962
-0.685219633206883
-0.536501569780489
-0.7555209598777959
-0.7058447775277126
-0.7020477755224256
-0.7282515705734546
-0.7689118057317094
-0.38555743030680634
-0.03883523845650025
0.07997016078396539
0.07510264392104155
0.5228051192656592
0.3176546305570768
-0.2954084595343764
0.8980572607416414
-0.7748372690023237
-0.3658606038459033
-0.2524105764802523
0.8612531206236294
-0.7270478881381278
-0.9954749321331279
0.9779471138881641
0.5789578182098896
0.9380632424626655
-0.8422958327076161
0.09603306288095201
-0.11580185726179279
-0.46621535562804106
0.23210874441426319
-0.1519905163212358
0.3803993818031559
0.8653131726488201
0.8834201588402195
0.30325553996313354
0.1553953484784719
-0.3595920107213007
0.16812122348585204
0.48767473988271004
0.06234993232831615
-0.5896372980515685
0.7624833325654186
-0.9584347565875118
0.14155914769589428
-0.2900124556879989
0.4232295483031452
0.17316222149131053
-0.5154068522040737
0.11279807188825951
-0.6248285853054132
0.10138714675787908
0.7334848013934732
-0.6854493793659993
0.03283322003796807
-0.16562676632587553
0.29235861046145273
-0.34247402717712144
0.39253106641461566
0.6978167520281122
-0.0480359934515962
-0.011746694010267764
0.4023837768316133
0.3982858954477936
0.703549107108792
0.4061610415791873
-0.26791539420381993
0.11390536718571281
-0.23869581343608381
0.8426286712471937
-0.796116262754938
-0.2137060216950941
-0.7070937400398012
0.7854881102132667
-0.14005761351167345
0.7701063485382158
0.8678584082820874
0.01535407681657238
0.5669584794466758
-0.20291191318024326
0.36641720126357374
0.6339476910249624
-0.22497526502151202
-0.17300705983962678
0.3265992612869517
0.09772984205025341
0.8885667116498847
0.48756223005601623
1.0267112547408175
-0.44370305476083816
-0.2601496833116173
0.7426552104353004
-0.3221174396731798
0.6663239246384213
0.6593434756875963
0.6213099855245757
0.7000368917168409
0.7696073192281074
-0.7916590220724746
-0.22881779161590934
-0.12146204678169657
-0.2553747017238025
0.07868142424783722
0.002308034362933078
0.7237794838858572
-0.7669403296240086
0.3173675870831061
-0.5526253276220069
0.2758337791803476
0.9617515659481652
-0.02007528729812641
0.6449616850962355
0.6742139302317259
0.23166440158172866
-0.679132825859951
-0.42438207875981615
0.8037198151355557
-0.579355875274902
0.9388873444336548
-0.7367235130071752
0.4838336254986235
0.463374422044597
-0.08915414494902119
0.19152132441162845
-0.353120173210173
0.5961824207556292
-0.13472369492858907
0.43116037358668985
-0.4320415132623808
-0.5587127416863567
-0.12848622437014304
-0.7693956682733891
-0.4436934723104773
0.6627353193889607
0.36103401519951267
0.01792971149572576
-0.9759554055439665
0.3919596651480155
-0.9252205507157151
-0.5095361873630517
-0.21952450676489135
0.1980779738356396
-0.610764352872292
0.04301593720870794
-0.08839491728926518
0.05874771659612389
-0.6486522233062129
-0.3107049801082622
0.6857953517329283
-0.578863351743253
0.8869693465859844
0.44067345953920983
-0.03597516378499792
0.14371312996859054
-0.9695359760349157
-0.9002490480555971
0.6338736026638564
-0.7033954389999028
0.9526624112446674
-0.6235719241793334
0.8414453153294901
-0.7536416199003564
0.9509697121059992
0.8862848514327878
