0.5522169668714659
-0.2654275555700344
0.1594203046010286
-0.23872844134722085
0.6713535345318581
-0.25085587979647794
-0.5192142609602319
0.3271282541467079
-0.04506868942950733
0.34409762833547
-0.6285636411976582
0.39273013602750245
0.9761869512709048
0.6291348472193684
0.5412756237858924
0.41113551712626584
0.8361501896551917
-0.3129793201196592
-0.09901688484432104
0.1811262952245051
0.08253264354781499
0.7710528352753478
-0.9694938038974901
0.20390393588276207
0.6087593361841078
0.6860168724064271
-0.3429274760760535
-0.38251348668664636
0.005026225640066344
0.15766801901376817
-0.2968717662155605
-0.10002326990372805
-0.7648223825259175
0.44025685206530546
0.6776078684970063
-0.958000916597347
0.6888371254300613
-0.28490903080288765
-0.8880962628104923
-0.9812025268237353
-0.8202065683143706
-0.16121785022344767
-0.1550305779980861
0.901459999023486
0.8959965145149094
-0.3214433513116237
0.7465143151962218
0.0008735486612576825
0.8521427457177208
-0.6401521862732035
0.6503784033607852
-0.8697120994575401
0.8185224787077999
-0.06111754403700124
-0.0850262359218665
-0.9510880405556265
-0.07079077887276274
-0.9447426076534872
-0.864729937461844
-0.2689871329476266
-0.5295079978552061
-0.6191876345491616
-0.36835611299137294
-0.3740800710676742
0.9589881628965046
0.31739231848101057
0.6260692981297178
-0.5586549098472426
-0.3092488572681309
0.19725877261569674
0.6847317514486242
0.15627352232790834
-0.5322914431915522
-0.27926574076226973
-0.5169077426399608
-0.4767021448559535
0.6861265559178856
0.5538034621997113
0.48389419818903745
-0.9587275841480174
0.43740528607929136
-0.3625432550779378
0.19339253923716987
0.32210847107443846
-0.43887016686628416
0.8291782076952601
0.060697222183303465
-0.01964122008803669
-0.09973278764692411
0.4965779191928818
0.5559952508795177
0.7998182083500097
0.746707114561885
-0.7852825668769049
-0.059463441661263716
-0.030968200008240736
0.7694597946725182
-0.6050832106928171
0.7899597525580945
-0.30577669667790797
-0.09183499502934105
-0.4331015584590517
0.8161225525427582
-0.2976547332205585
-0.37912158180269423
0.727907620473805
0.00041762140828144556
-0.6684006625600882
-0.4639122487999678
-0.031433580377888966
0.8270074973827951
-0.40628880385067584
0.7526379371989016
0.6187645037331291
0.4380680343604701
0.7887575264643976
-0.17046486503781536
0.42553597923422526
0.9437221699898903
-0.561922757573118
-0.29840950224210966
0.012388844246445135
-0.5669902816172203
-0.6196291690536574
0.237207720658142
-0.20359571123934778
0.060935561911283846
0.678170774546022
-0.6692697048920521
0.20594397861065517
-0.38744439180879153
-0.2528227608322677
0.2747732584775025
-0.09580118389551275
-0.19053244403145167
-0.5667212970060567
0.0700717570590148
-0.7609074725189979
-0.2884600569562483
-0.8154447996597795
0.5543219035073707
-0.368183954798599
0.53304063214221
0.9011063429137495
0.19483000621748361
0.9323613868681746
0.9438500009982229
-0.6632742474549184
0.41274112022251297
-0.5705821758900825
0.6671948521376307
-0.3089000240758117
-0.49036145174315027
0.29858908417572294
-0.3031498729154746
-0.45365212668385213
0.5039280419560789
0.034130048999685164
0.2332469867280841
-0.24385141528714163
0.4502980965376876
0.5356744858317195
0.3942506105207305
-0.34510830837424983
-0.7610243748412754
-0.03049208513564208
0.1600072776816154
0.9358551818257037
0.4279232838353095
0.7427711106460979
0.1318294360874993
0.11867908803781033
0.03592464487940593
-0.8430187626260743
-1.0368167409699731
-0.38968046486244273
-0.20624407101993847
-0.5489504214666607
-0.0699906935175509
0.09131020416498918
0.4920289150015003
0.5114364983565404
0.36920429069730726
0.3644067894207819
0.2307398585500254
-0.8266268405387751
0.2083476365380498
0.7498030008452612
-0.8734723114334384
-0.021546063114736818
-0.3731513282287011
-0.08992965505699407
-0.8128930064268228
-0.08132987330578216
0.2256890089485215
-0.2050002644497442
-0.2126971790735425
-0.2562902498394088
0.39823382953123126
-0.5360275005659247
0.30321854120625846
0.2501410917605316
0.825980984497662
-0.9348253114513783
-0.06147845754809306
0.6989133350404451
0.015488209111499469
0.22642924279710952
-0.8036971084063572
-0.2738949473380817
0.5645716765132779
-0.9828601637860671
0.5879721403712461
0.42053712595297604
-0.7737171912307542
-0.0710627449078845
1.0950042053362026
-0.05385582301788872
-0.820622249681636
-0.42693092492693635
-0.19010019547515083
-0.004622987598497076
-0.2605614670560835
-0.2439611541683163
0.8471438177263414
-0.5901957347403801
0.3950674172480202
-0.055532976327915345
0.09786848832431237
-0.78673421594973
-0.16078728465553552
-0.17642302566619658
-0.9989842994683888
-1.0745148036988614
-0.7695508568207297
-0.10247923385483076
-0.7096814565352496
-0.49278356039792415
0.7385138360130531
-0.6895436880988861
-0.7474074843054352
0.028752183558904555
0.4292199818254371
0.1097799570591717
-0.6186264845243487
0.07041654683675315
0.3750570156191765
-0.5948114581513131
-1.0125728849460958
0.6216526006981693
0.4583714231239655
-0.3080872251408565
-0.8692207007133351
0.530823642162627
0.08967188507489698
0.8492271987057167
0.4168392692414883
-0.8595613724609583
-0.9233046656048198
-0.6941048734216415
0.4451383573957644
-0.263214381682434
-0.9784291240840358
0.7397009488595033
0.5197101993579621
-0.6524999918119059
-0.29709844274187613
0.4816280642589796
0.9100752924406453
-0.8816852605241331
0.12100096171402382
-1.0323852912349596
0.5336095699512796
0.355945715754868
-0.3769083543530924
-0.9603428088292882
0.0892342564467569
-0.20669445315304133
0.921043242475213
-0.3088056145204521
0.1397148856290725
-0.16295076070393813
0.913656789296009
-0.05919134973411398
0.7716683052167229
0.5340291105335929
-0.28545772145820014
0.37413696211373276
0.6073424624004471
-1.1017733762914184
-1.0427594301300938
-0.3154441129005705
-0.46807473000829425
-0.13285973203103407
1.143381545572195
0.04493337230014301
0.858582946085697
-0.4218648942269512
-1.1855212357471836
-0.2673024915221557
0.5395770882973652
0.5697359736079781
-0.12437466265441305
0.7648966114148985
-0.8670618467050816
0.009545229621776655
0.25457169315283756
0.32196385520065224
0.025822888775616108
-0.9026529892172697
-0.5879328601569069
0.9107354525925756
0.4531360170142615
0.1750576976816797
-0.8880225946008877
-0.4362821921659992
0.05475195489872833
-0.019186223029337156
-0.5577654883775658
-1.0313298762603749
-0.006800603184428661
-0.640472488743936
-0.4478687575091471
1.1878012434453762
-0.43924100462311466
0.33660500594792603
-0.20646410452371391
-0.0581601324956048
-0.3227194202464111
-0.9330681352781193
0.5568045086837469
0.8115620743550247
-0.8844284790577919
-0.06535332395632018
0.025332376083294767
0.3096722694151593
-0.15926201968698253
0.0695944921170612
0.7403660698137361
0.9697180301964118
0.9117165018688219
-0.13984421391621468
-0.31798374246424915
-0.6196189972741801
-0.22050746213137953
0.5043951824706535
-1.0776136058292773
0.05012399949805709
-0.00823354191309589
-0.45399569064862766
0.3767139580691603
-0.3978435880784847
-0.1326168603319716
0.40345876370754014
-0.14683011015172756
-0.5590531847508999
0.8860124568982491
-0.6972180495905446
-0.6386710217587988
0.8906900377155741
-0.45711836790653565
0.5953195859786927
0.3102914071317201
-0.44944468155577294
-0.8890755398425558
0.4781139568394638
-0.7310616421790476
-0.45457195255000565
-0.9010297987358875
0.3099907317909507
0.2930292854872049
0.36128571716172186
-0.8772765755120273
0.5208515102187682
-0.2696258224152752
0.2936954111790389
-1.0023092373455187
-0.17916211688398292
0.7319740805449537
0.08260892181276225
0.036104350920890135
-0.5733257173248257
-0.47638740756792186
-0.6776171150612564
0.9113398354278696
0.6675050628038293
-0.257932129165287
-0.8626505545977128
0.5002370137283995
0.8371673692779574
0.12679585309565886
-0.9840303946716125
-0.6399209062883713
-0.37358784627287256
-0.8124554278797379
-0.7078035886124455
0.35411721787066347
-0.9694629574999258
0.5907808663116462
-0.6596237931157456
0.8249992904452909
-0.1389683483337509
-1.0961025424000632
-0.48704834658299445
-0.2782371759498818
0.47193300177968855
0.3813996544556701
-0.3617878922201427
0.3815650895731687
0.10653136044506922
-0.2547756457980169
-0.1547601241770132
0.6167542981206641
-0.9993915530412345
-0.8077406900319961
-0.25903225930071283
0.544333176572432
-0.2316903268626745
0.3525956912569687
-0.3440568166667789
0.8221418889053715
0.6374969513894322
-0.8859240240821992
-0.29366134371918323
-0.8273744248938759
0.3594787758854227
0.4645565266852863
-0.7652098971107356
0.28378036771697274
0.09738815194313401
0.21268842544994385
-0.24808417744710212
-0.9516244941655545
0.716513495499056
1.0080425712725545
-0.03174733804116499
-0.31043242530503784
-0.3656299289359967
-0.5943909905319965
-0.2852620181185786
-0.48812808359818316
0.6968024926129338
0.519219139852531
-0.09994269146236899
0.5121575897131212
-0.9001906714947318
-0.08705281960521155
0.5929027444835516
0.8625258940537773
-0.12920839124109137
0.5059115064943196
0.44434092189124813
0.4692494232902749
0.7488864854844441
-0.8876866846733905
0.33752139927786867
-0.5303621537199154
-0.8841009633389861
-0.409499802956969
0.31287763995998147
0.49783854866503924
0.5337300563411007
0.47529642804377814
0.436275179135675
-0.7149088590909761
-0.9264108496179055
-0.1086722252397332
-0.015375268884688244
0.25378898908498976
0.6950507689216584
-0.14277811994129316
0.01798034629392114
0.13587100876762503
-0.025879504064273886
-0.41863170915778225
-0.4687052313440364
0.3356689715096768
-0.572928491707938
0.10791972256969269
0.3026524528462514
0.824570762823626
-0.10487855645284543
0.47803776067954284
0.7976738298405365
0.4361110503193772
0.05432008239451957
-0.21142245718824867
0.3921739648334379
1.0501337549982905
-0.05260669837881871
0.11606155634466381
0.31718923954723743
-0.266179204533908
0.4029232188160386
-0.4826928025390952
-0.07528813499453446
-0.7492594751681017
0.3799919535123049
-0.021401634132567248
0.4598842527905882
-0.2703260543958139
0.20281013200062786
-0.3465674973213076
0.5379726738733752
-0.3129702229645231
0.11743583234031475
0.017194488710000903
0.7317877974514893
0.9284123310169496
-0.7664302506139457
-0.5787224859093081
-0.29613515617421354
-0.08688150063416096
0.11257147966705845
0.1614715552259899
0.4087049768693804
-0.10305369039334172
0.6361394453373651
0.35721430454491626
-0.3249752269991838
-0.5525712411285263
0.47980327926023986
-0.30007249152993326
0.8290488182018098
0.19228145264177599
0.6115904004988544
-0.6165782328846358
0.08836479521082004
-0.35988498449757417
-0.6652586254980251
0.5954426527276716
-0.20866094629119952
0.4892413636959868
-0.25310653891613694
-0.783092536328788
0.11112304030397718
-0.848553079281285
-0.07090503107288357
0.1012087232387203
0.6243693098509641
-0.052456436801597624
0.306269657278079
-0.34316944756097073
-0.22949606614666584
-0.3210087192086263
-0.2903367827681325
0.10273154326913499
0.3864636772673849
-0.3427916518144989
-0.38076167434661273
0.6711515650969291
0.5989144371681069
0.6839058926975661
0.4305583170784599
0.8809172309922975
0.09833593326869725
0.5172151728791401
0.08837691879625048
-0.782150398495817
-0.9817472366720292
-0.351345588103199
-0.5981491019836594
-0.0948167846507947
-0.5725935095364252
-0.20237361050213318
-0.10921727789050875
0.033925804866641096
0.11462308913243785
0.08885946413366307
-1.019569924940746
0.46014950793747994
0.43652646868981015
0.8027336107172429
0.26104478431181843
-0.31956399610638386
-1.0532032418187318
0.6776346943194083
0.14524919410240913
0.01184134113955228
-0.8890161924613558
0.8694773819119533
-0.5887314282136014
-0.7934760853964834
-0.8790150775554137
0.879993053714408
0.7830036580783137
-0.13405373450590227
-0.8021063699077209
-0.2669775133201646
-0.0552384815114951
-0.8252585628597647
0.46230939745773086
-0.16769178391920128
-0.09479314018146603
-0.10879400162081654
-0.3707002791968178
-0.45537671915638894
0.18502718799691303
0.6329988147183541
-0.40148002045355935
0.39980659504400146
0.025284214633770036
-0.3792923265587723
0.7259138804687688
-0.5151223727288143
0.7325750356223284
0.36692943662066446
-0.28009289020798206
-0.4931139571547257
-0.5269667096883269
0.17626649829255286
-0.2946491874886597
0.035124951374320805
0.6377143178206643
-0.5195633300034888
-0.2693427017113133
-0.30656191718134107
-0.8693916575681634
-0.9715015753831201
0.16951711821453044
0.4313737273504335
0.4009589369619614
-0.470650506190638
-0.5957009242895919
-0.38802101421368596
0.4223956787869392
0.5623269156589026
-0.2348782281272378
0.1633997220049373
-0.8813517640078609
-0.16044122510594458
1.0824689670735568
-0.668459621450761
0.9037511235922305
0.53420433026539
0.22524115244224982
-0.28380732307108114
-0.5227043722955527
-0.8065232921984419
0.48105531095346554
-0.8272543096010196
-0.9582275278738455
-0.5475786911470882
-0.9022108201897577
0.4288115486870316
-0.23499903898399924
-0.6231492356255622
-0.9637109066616418
-0.5166863125377626
0.43467090621096216
0.024688238148323858
0.678309488039412
0.4192002381617953
-0.5088756854606019
-0.39737392841460323
-0.010751070817193573
-0.16216668775076085
0.04267133947089749
0.2518679146264914
-0.16705605448187497
0.6384581309394812
-0.016554762162181186
-0.36650273875538864
-0.5219794882549518
0.997186246155647
-0.747645540208365
-0.5998332158207752
-0.4447726492271378
-0.0062411462333560345
0.40106359756187465
0.17056947051471819
0.5652840351713411
-0.9316372150204637
-0.3133477879793137
-0.7813287220676203
0.5330684858053678
0.49429225686614103
0.4146942057827998
0.6419591202768281
-0.2964371429458767
0.614209664966886
-0.13018266400854553
-0.07146099434529597
-0.9433798212518493
0.03614650713474447
0.5548526140389627
0.33700551343365687
-0.5370490098174543
-0.33088322441126383
0.33620418058996204
-0.4694492732803141
0.27236013225946887
0.8454525294259996
-0.9642350312486486
0.9586396361652374
-0.31630324015028716
0.8444268060319303
0.4858012618830288
0.12678515662839362
-0.2136057565818669
-0.49121463381719366
-0.5761287536106028
-0.27421646703274327
-0.7429503287531982
0.7461619356877376
-0.806115760825036
-0.5035375412241717
-0.21166935008404705
0.4025861540949164
-0.9473203333487955
-1.0272626202303536
0.051085627194478005
-1.1312556921272325
0.3930543548865318
0.16252197697144097
-0.4936047451379614
0.028462390530889205
-0.32031273476946476
0.40034548643798984
-0.19497159779727471
-0.6583033762770091
0.0897316632812134
-0.35899768107013463
-0.9306003930489232
-0.35456096025845396
0.17392577356404174
-0.018903940740243146
-0.7489122433447498
-0.6935175835363395
-0.48218327140996947
-0.6735411365703092
0.07872195025204708
0.5973084590995864
-0.831657707259625
-0.9021180902802042
0.7259797286429067
-0.9736851624632872
0.6700588068737331
0.3057498229734632
0.3674353971885791
0.8001970727940939
0.9037117078151837
-0.9129442933956329
0.11411892380017051
-0.7174620962356343
0.20547669650851078
-0.08080106023015682
-0.3461398965339758
-0.6141460016236526
0.489295752658084
0.18718902018602185
0.06997695054545934
0.887938049786611
0.8545918457119314
-0.03361427292103734
-0.8094760311513026
-0.4769131116983579
-0.5769108985753327
-0.16631997393878872
0.976367587262056
0.8869378162603345
-0.024458259890702452
-0.5464731526636978
-0.6739615071594693
-0.5664016136757791
0.8987838335294027
0.4992063095907382
-0.18258830546222393
-0.6796623494816729
-0.14465301989786625
0.09328533728839637
0.46495208271903443
0.9337488547129013
-0.21816220773022713
-0.16825385248953673
-0.1535955968235465
0.7653321641726923
-0.5443334787980821
0.1954163977459774
-0.8620617201480882
0.8294899244789139
0.30163145431263083
0.15575181334230548
0.3531220165062108
0.18457223621934174
-0.48636809764573863
0.3710589469876162
-0.7917636644928683
0.8352705346080189
0.9067642336242426
-0.6662987543979012
-0.7094620678367934
0.04166185911707925
0.46661609075584926
-0.5407225737447586
-0.988111871233797
-0.9764695458095283
0.856329427058086
-0.02370191815391759
-0.28914473512961825
-0.8004463307500944
-0.08215362363830543
0.7571785569979671
0.2917386412115585
-0.5148308063158195
0.11512237239960671
-0.5287879063371237
0.5822272588038652
0.7476660314096033
-0.4703902472598532
-0.49252640059531483
-0.4572963898524513
-0.9161953861035605
-0.6846413061170398
0.8453825383130308
-0.35002603796366066
0.16283931047051478
0.19308678777377564
0.022152277585271545
0.6304783599794757
0.5039345492100682
-0.7202482469101867
-0.03191832591613188
0.6311117631837531
0.5092299394323164
0.5095929990121648
0.7535898719574494
0.9669783199264226
-0.5683553759888039
0.6944283402640654
-0.608747709227183
-0.49598596737576645
0.3561315210034402
0.16832544948525804
0.422021425483098
-0.3687862206213995
0.3925268548462143
0.9417434035637927
0.9755864793788277
-0.22976978694799444
-0.2880208757682273
0.5036304526181805
0.32655111229992867
0.46355387550954447
0.6165786031483452
0.5261827567225631
0.7042607520477125
-0.12762252309333766
-0.6026249813642238
0.7392500433000053
0.3455971509368055
0.06782003932870317
0.27216181036881165
-0.4589111741408588
0.627954708921484
0.21920654815471582
-0.23491623032546124
0.3353960912221561
-0.2555003833325206
0.5931778135225888
0.1525098762457057
0.34966821936630976
0.7223693179757952
0.5380532703875721
-0.4862382322924862
-0.0047713765625206905
-0.6228630040572871
-0.5420799917710836
0.18676808033901626
0.8987268571857363
0.6058622666979837
0.594725846112686
0.14249788113173248
0.49295048350839143
0.6269386913870528
0.2178036030892417
0.6559092021101587
0.8685693550342994
-0.6568766143526406
-0.6006090292520473
-0.939976518156526
-0.5478141715912587
-0.3350809077905584
0.4813679919686521
0.9363993039293464
-0.3578318140934295
0.7021778723549191
0.7668336789561874
-0.3706389475241239
0.2854541964279772
0.7249634339711437
0.2443002069774201
-0.6366333036093368
-0.2501750196455357
-0.2921380743182837
0.887878733683034
-0.9807273085179197
-0.6202988852316852
-0.21639611215542323
-0.861278840188663
0.4785332993859144
0.6439464393203195
-0.6292226139448974
-0.16448578873645062
0.4561835135837831
0.6364571844260554
-0.15601596161899114
-0.8041494662640828
0.5989637526266782
0.778058568680103
-0.7134179869016677
-0.1456903266632419
-0.22714107389895302
-0.8597374445585118
-0.15047048535466515
0.4535911774370466
-0.26052405346963514
0.8775560831014337
-0.09597009376087173
0.37786612822253035
0.3146370802218741
0.5896069488506507
-0.38514753974205995
-0.8824755061941802
-0.6595759923348526
0.6228577739673014
0.10900143512294594
0.733711482449236
-0.3737863437068515
0.878933099369553
-0.3893611318268141
-1.0062727236837412
0.2929981358070479
-0.27670605138819593
0.5794980199511371
-0.9964702544136046
0.24136618404245813
-0.047278384140874215
0.11165457559279846
-0.047104551476259374
0.37331327905664663
-0.8433958212880065
0.4842710814157819
-0.05781534888776407
-0.7813571442089198
-0.2644016635700089
-0.3426540020155194
-0.3419808080598501
0.011157889992512703
0.73774954117553
-0.9463840010086019
0.11400827260686176
0.8575880492514059
-0.7540558149453533
-0.683927955692422
-0.2712229749669288
-0.4973322192575539
0.24465441018401235
-0.20997112014006813
0.12145639579319335
-0.028206373297439354
-0.9453691971031075
0.6282680441045422
0.3482288862727344
-0.1392046489579043
0.649030875929519
-0.28515060307425194
0.5021237841974742
-0.5163008905878773
-0.5071221806663404
0.5200486506558436
-0.126569509817915
0.9856415179500054
0.41725190391114353
0.6783492760654
0.38052488114828986
0.801443606226014
-0.31347229311186686
0.4202813250413794
-0.297475380357396
0.15903793709326194
-0.8121789821133965
-0.5544433905270335
0.884312652830759
-0.09428222272166774
-0.8342215480320851
0.25814435835933636
-0.33861266697693015
-0.10709078481500375
-0.6823584908678371
-1.206857692302552
-0.5165398950779239
-0.5850111194891043
-0.5691272695074647
0.32816514595948726
-0.8907207485739449
0.09222602985460562
0.1617387783824596
-0.9566756085967723
0.7790524959291165
-0.48593625340549496
-0.4745348591940769
0.6648356715220817
0.13758945142392282
-1.1303518757860647
0.21377188979133996
-0.13749242716894658
-0.7152221215246395
0.18294043095786597
0.646289210683236
-0.5316644659391809
-0.41622773630224225
-0.09358264844045873
-0.9197501898006855
0.8766899406611702
0.7350141513880469
-0.21315517989321697
-0.7842856812376972
0.026946261636889894
-0.09591458843306203
-0.9192605164381293
-0.07893861745657244
-0.09502950844589315
0.1554105971580684
0.40889102494231694
-0.018466063158191923
-0.020088251912054378
-0.42945832177561777
-0.12937939471588236
0.26470444304605395
-0.27544358250873563
0.46185928725036157
0.5958959925374226
0.013800287356334604
-0.5223963414476053
0.7214621586477957
0.7579822218849221
-0.030931632991498273
-0.3458900875347886
0.6436743513343648
0.39504516754544855
0.4677277765925344
0.904590084849398
-0.7870273210624384
0.5029319204756816
-0.2321331123094375
0.526757978254724
0.34712734432198233
0.831372171067305
-0.33324610160007834
0.07416259069622574
0.09538711166564594
0.10219959956726994
0.1612557768166471
-0.12845865311139373
0.12817717888861882
0.29679450923270845
0.5384250408475515
0.6784203459896354
0.6559420502472514
0.4886481204125558
-0.8945259808487357
-0.4708365028817936
0.48211068807701507
0.0625624091535765
0.6142671360112072
0.96202928811901
-0.8013101452987405
-0.6009537840980944
-0.9253067469418008
-0.3045986103367511
0.06621844854728874
0.025354671069115934
-0.9955439209071133
-1.2880311943140028
0.3855109514000081
-0.6803935774170169
-0.625903418148257
0.721928315548332
0.5380789990895636
-0.2789592416318813
0.9350593499141562
0.5001283955014676
0.48162461245188587
-0.7858084480778653
-0.7776502072848317
-0.13957828698627434
-0.2723092398947205
-0.8285537555476975
-0.5310222098022042
-0.6881661462068784
-0.23963623965994224
0.9434293974247031
-0.47987010457728124
0.8340696267307263
0.810514497557204
-0.7998815200799703
0.845370847147448
-0.7487449233250133
-0.9519879880592678
-0.4590330610160379
-0.6428472311354145
-0.10691047896556277
0.41490287968497913
-0.859356323283226
0.10959825788568592
0.9842324817680501
1.173558169613598
-0.1644584082330852
-0.5537358821456347
0.46656498077548436
-0.19458591577455264
-0.6639517596145509
-0.16872238892499788
-1.0187491674187008
0.11551622336085016
-0.4775758269910297
0.8919034181343998
0.05183708032125258
0.10651137131790893
0.374515698363994
-0.35298252322879836
0.09915746064827279
-0.8446444336966954
0.5321245983662981
0.5051237011970163
0.19965026992831522
-0.4273511715106776
-0.27866329774981374
0.14852680600460033
-0.7616051189974807
-0.34310727717353
-0.07475719801698236
-0.3115754961530712
0.4190105429067347
0.9541174011040106
-0.013566821449806431
0.40846234080620103
-0.41765603710075444
-0.5844246629524092
0.5395658597186805
-0.4867231207123844
0.1442294109411758
0.2812621882511417
0.374227393873117
-0.953192295025405
-0.791417876043323
-0.2500348895647528
-0.9107840249970012
-0.17386833127690943
-0.522822418176368
-0.8263582770810928
-0.2639474979593092
0.5203264840883783
-0.25024803221096587
-0.22653651826584806
-0.24220152081514612
-0.09823231208479827
-0.9193388467749456
-0.26818087807403235
0.25321058907794386
0.03741060154458129
-0.3924922396058982
1.323315805481429
-0.9266431856542384
-0.6044749721439886
-0.09754865367700098
-0.25910793768620993
-0.16906110096730387
-0.10026984931760069
0.17454092793698034
-0.3936086693204481
-1.0095338152305686
-0.30883082301412396
0.17623031692142105
0.36163979212604225
0.22341026108706344
0.08663398428770207
0.01705333229883725
0.3389110052203496
-0.3720803136458208
0.7921687454568879
0.046015188833956694
0.4574736300115163
0.486376300329568
-0.07642807309174929
-1.013589044266936
-0.6160517406071222
-0.2707613282322644
-0.36382763302754995
0.9638608811144912
-0.442710848974551
0.7702510784069292
-0.7797593367783736
0.20478943812001996
-0.8445211350610038
-0.549317899999456
-0.08572850993931301
-0.7428019957474598
-0.03982647265845375
0.020694966781057172
0.13377722353937363
-0.39478788537062987
0.7252568257334137
0.23304748435353945
-0.2795714839334513
-0.20273146520049398
0.04192033723083194
0.6115361237116295
0.5414357496360901
0.6651824357665588
0.7123209938479133
-0.5133023065453965
-0.5784759898162132
-0.23835216141675308
0.1282609448108629
0.02557223220822767
1.0237879007194932
-0.6109951049598048
0.9736268699353661
0.016303956560662018
-0.34711901124760725
-0.04948299249440728
-0.6121262748585495
0.026069705887454258
0.7903951580882468
0.41468991768825103
0.6698672134586783
-0.5541584258318318
-0.3882880313320342
0.9522595209914365
-0.40026106224159586
-0.9474902885208164
-0.5680099184498352
0.45311742006735145
-0.8146512738438895
0.8219361664469521
0.013231719296788944
-0.38348540622741784
-0.4552013276983066
0.687066403556525
-0.22705858467762882
0.2762254780001626
0.3943228727628727
-0.8460648098007775
0.9279700101226734
-0.022110913487682852
0.16913296922856197
-0.8458521671438148
-0.5657948732981909
-0.4745480873262683
-0.34536899455633924
-0.8957298182142674
0.7242329603365604
-0.9776786939619739
0.7729589349735194
-0.5312639968117172
0.6712481388327993
-0.2668978954620268
0.2304640136182758
0.38383388204703406
0.5127729267622938
0.972583244507083
0.36063990298467785
-0.16402950928882742
-0.8897766475785192
-0.13582271822885636
0.3474096200954561
-0.6175872111912722
-0.3211505643933821
0.731285746073299
-0.2582362245385637
-0.01775354844244252
0.6592791229962711
-0.1276326239131541
-0.19542531495531223
-0.42532064825102994
-0.38249700859585467
-0.42517948303421277
0.21722373832223452
-0.2912278035673705
0.4138473047729258
0.048463889861368695
-0.7784395019690631
0.5050780229078382
0.533775019965443
-0.9391499795541993
0.07303130112140511
-0.1800836047930528
-0.02357461079259227
0.4010626050605709
0.7273811002166015
-0.27906060118760895
0.14091147959346975
0.01134484762399606
-0.5773626949014161
0.15626828419135727
0.6866738212146124
-0.6982583740259097
-0.07957671174925786
-0.2655508059749583
0.9712474337544876
0.6146981831938964
0.08210627269756951
-1.1390990349766703
0.1992826385982927
0.04448712900753952
0.3480327110742149
-0.11861519810666359
-0.26486812217050804
0.897025154516232
-0.9375830963053695
-0.9325740027106313
0.6194742683596898
-0.010628181673892977
0.9554041570256837
-0.2392529754889658
-0.8676686576252137
-0.7150039385774491
-0.768344789357911
-0.8666585886624556
0.858543944370621
-0.6866755731950004
-0.15723442990775735
-0.9091694394198048
-0.32152208510870434
-0.3735011888856623
0.5656798375604252
0.06979661863082803
0.26175461025809454
0.1568076144432072
0.6441259976431427
0.598894440711708
-0.5808875018765298
-0.8335299938111626
-0.9966291753606387
0.3353168029221189
-0.6427883140372209
-0.17716841049430052
-0.5405280432201628
-0.1823160451117558
0.08917504843287169
-0.14434646160814038
0.5177741093322102
-0.22308622111398632
0.8526642527202603
0.3726718888631813
0.3520330771175302
-0.4490150422890968
0.5737384106715507
0.1642550600125518
-0.5884690932159606
-0.5361942402633895
0.7258625656130189
0.35033523204932054
-0.009985916820221244
0.3610430917475959
-0.19544545178634531
0.4258828114760962
-0.16496487804643403
0.7784983995957401
-0.21559441499641566
-0.43060778009126244
-0.31876212245350627
0.36879723038081286
-0.2430057730168024
0.5414307126964102
-0.14230575299425202
0.025551712778555166
-0.9572139309100589
0.8856994544736656
0.7022118398332649
-0.8706369300974339
-0.035773968120543176
-0.012440529589540315
0.05975058191993154
-0.7812017833232224
-0.11885636671234193
0.592436855061805
-0.8936219777172772
0.33271599182405887
-0.6778285391250596
-0.15172940222110542
0.3083259629098487
-0.3915912109210116
-0.9905280519122789
-0.9113861188663658
-0.2805886142163015
-0.06520468561891926
-0.8381747298506702
0.2682601814371103
-0.17790929075913078
0.0031307745801321535
-0.9369658316757127
-0.305232366063133
-0.7693596897315742
0.6643202557037304
0.44668127518568645
-0.4447195406964154
0.41056834539389814
-0.36160749385692514
0.6142164009031981
-0.7896538822865787
-0.32088356911956184
0.5468727814668883
-0.1963575836232217
-0.5087147438758313
0.27995233091022637
-0.27066728330909595
0.7798593795142869
-0.04612477575892707
-0.7851012580037825
-0.4855869742946746
-1.128593322473782
0.480981672174892
0.6609349902031969
0.8821132733006877
0.8404793415117577
-0.6555514870353578
0.8958285620206978
0.4951994722448432
0.06344277557864131
0.6524586992757347
-0.564447372833957
-0.5339222295102649
0.11554316161927125
0.806146805349357
-0.04716784313792891
0.6260839067903904
0.11323143086700486
0.8212418224766218
0.2032707964060988
-0.6859082673909397
-0.8667147227190094
0.34466413928148165
-0.7251632577503109
-0.14222507735150336
0.17272014137972774
-0.19724301823819287
-0.5942829028559783
0.6921005743870894
0.44042150786585216
-0.008927472018419138
0.8840278867552634
-0.6961780237266059
-0.07428711351469214
-0.5474322780649264
0.6513312345764447
-0.9604231353429998
-0.7411340032521946
-0.4319816589999828
-0.7174522475839153
0.6804427464833227
0.514221097207669
0.46879212879778087
0.5053010611660428
0.32842609954047647
0.7221912784174812
0.7973027441395939
0.8120933349135707
0.9889474998565538
-0.6849662528965398
-0.5028789477234662
0.8989360081203377
0.6469929609685107
-1.1556199521540425
-0.028720780156312336
-0.8726448709408211
-0.15075103720200278
-1.1642238873038773
-0.9689761730503609
-0.2231143356026878
-0.22570578616202341
-0.452359743662109
-0.07694876945268699
-0.8021363990448789
0.1876428038213518
-0.5538814359541814
-0.898255692669428
-0.5633008013293556
-0.2721531937003596
0.3784401637875175
0.6521650698629108
-0.558333994737656
-0.8912681710540336
-0.608371392316405
0.9471751837633628
0.1587125587983537
-0.3054555687195675
0.715460805578066
0.28598336155202614
-0.4934700724617859
-0.5516149325049948
0.2342066142376185
0.6571327974613507
-0.5853548440651493
-0.8473275983840973
0.47133492774372554
-0.060978761366663865
-0.3833152629303147
0.3175596023316616
-0.3124008682219515
-0.4488558815680951
-0.1484820387947074
-0.39437491253728957
-0.6772100986985715
-0.19840076075374685
0.42193062596527037
0.4502941034335596
-0.017547681952494638
-0.7795390000763791
0.5868787764826585
0.4983530556717248
0.34096113084131663
-0.7706750056492685
0.011458026676627474
0.6921572829328712
-0.21715146124303006
0.05174848438886406
0.8374428112801373
0.8559759681525587
0.5156280952078707
-0.44714909354392074
-0.9652862134637471
-0.7390375687450021
-0.331391922434336
-0.45369433096491946
-0.5899128315362028
0.65430847041405
0.33031513565620163
-0.23976436553494124
0.4855037633574982
-0.6938580347559025
-0.8247567257739818
0.8208619303144846
0.4582338776415486
-0.2569636259631524
0.33721485649833544
-0.791225454233483
0.470040616064723
0.9256891119103765
-0.03372186602868853
-0.5277072337553944
0.7019361524117305
0.7086714782147711
-0.11844407021515528
0.40394961321945055
0.047891986697963365
0.5038197176437907
0.2542536382598727
0.9502134495086053
-0.20087406996173018
0.3352590310436525
0.7852269456386493
0.2980894736373495
0.8097454240976214
-0.9169981969349454
0.6653571722254716
-0.22476916122663296
-0.866930757321199
0.28366255553896186
-0.7744450643051584
0.5311267276278528
-0.26306918705697574
0.3405544648167542
0.9382013764421717
-0.7962717789894812
-0.37722444824817464
