0.11766357367833315
-0.7146175544285714
0.09048718068227166
-0.310758769478132
-0.4648048210883347
0.73455756461591
0.6435091597367216
0.5237048845056811
-0.9930151258078399
-0.7475958616772775
0.3063285410541561
0.8242089883872574
-0.9613419139022825
0.11828683479222978
-0.05251667653316179
-0.9063395521888341
0.9741041243828027
0.6091668470601864
-0.4475536424351767
-0.9082163432649479
0.17112990863709998
-0.45633655350116487
0.4713355582694007
-0.6799739380951042
-0.17138139613225944
0.6790741787771678
0.15419022790553746
-0.7184296440804417
-0.18110728021374942
0.8249553723649348
-0.5668434699969208
-0.4816929469768966
-0.34940627780556494
-0.3522419544270636
-0.24120105456624022
0.8586101973417863
-0.8748628122639492
0.5211813466522396
0.21156794061442197
-0.8965738248736014
0.4090941641546498
0.09075658244070628
0.8244561600239713
-0.999444877544808
0.0887883697457799
-0.21153179069903771
-0.19985697127631322
-0.9747882048106906
-0.627901235484118
-0.834260655571335
-0.2160484216415482
-0.5496430947941401
0.9448860149822303
-0.5847231693197056
0.7780771614028468
0.2620741903095884
-0.2738492075204549
0.6269229988111866
-0.15201233998861022
-0.3955887378914524
-0.618130693432497
0.3837946538489832
-0.07697248771901134
-0.5778660321208767
-0.7391122683620568
-0.5189120515494727
0.4210082021573847
0.43047901846919884
0.6709542602163867
0.457928016890937
-0.1502212997775167
0.4150567477389834
0.7105471775407501
-0.3321102051083879
-0.5454770882224721
-0.21581365894727378
0.4734038793273477
0.4546567196284839
0.1725001834889312
0.0845150612281499
0.6583249217439472
0.26601955646055037
-0.5737943987101559
-0.8515486595746247
-0.8173001546815507
-0.6723925195996187
0.7418705219577504
-0.25631455135076553
-0.24628539031463212
0.8991467057028637
0.26284743654677944
-0.5209534091669159
0.11333809333987917
-0.01788222952664974
0.8440125189290758
-0.8229364144585808
-0.08127676287394062
-0.5798907103339055
-0.38099646489925376
-0.570474657933558
0.7931937354396512
-0.2573631388455788
-0.7797950421942033
0.7048728627306813
-0.5349416407998965
0.2691287081023086
-0.4802997529981757
-0.6473926976335899
-0.030901681094071997
0.2927969707197203
-0.2557062091996065
-0.5328044766968725
-0.3313081805040275
-0.594355414866122
-0.7981360254436343
-0.3840531617814736
0.944803536919628
0.9601913743330016
0.7779800381430173
0.5444509376812472
0.5521781570862888
0.016148621870227708
0.6166772676602791
-0.12978110912724042
-0.6079842278151047
-0.08147592190425051
-0.5226343704005599
0.9754466468542754
0.28408635165291846
-0.28149268048261816
0.44930976187829974
-0.7270668868252244
0.2204787154297463
0.17580370040224313
0.21710995369007902
0.5762120143282905
0.1810465232595621
-0.8120807643301894
0.30762958646031696
-0.7108317754511914
-0.18017181968843257
0.16847977774571976
0.20108989057178023
0.5829115487696944
0.017853136399703113
-0.25244473830013475
0.37488764403307756
-0.3172714754145115
-0.75180490090388
0.7191186129270767
-0.6094734867287928
-0.7438641978740144
-0.9713310009431597
-0.28909856614205526
-0.3750334854608308
-0.3963980995209365
-0.7523489616092505
0.5534305143499053
0.17763988616282286
-0.8291463450014602
-0.5070990100783064
0.14771346126333265
0.6967157520154399
-0.13395566553915345
0.13013784096474781
0.0046861715814261505
0.2000066889359287
-0.4947025075305567
-0.14348138582258724
-0.7481386541314253
-0.2261658822529583
0.062051568321822716
0.7193885410451649
0.7380954215854323
-0.4613572108918353
-0.45970301068877617
-0.9919007118893042
0.47661536164005514
0.5466935956799551
0.3564987538810463
-0.1356182239608547
-0.38354777688424463
-0.1830856978194028
0.8385553757813138
0.8425310142240862
-0.44067806334839826
-0.6141447734818145
0.40785473063360267
0.5170694586518914
-0.09088123790585956
0.730842834085467
0.3430216899933434
0.017944139894114232
0.43611135312684074
-0.5931591136961347
0.9508337064344526
0.7617975978347941
0.3249732537173873
0.9717032826517622
-0.7891495800224745
-0.24954289146068084
0.37698901831557435
0.05673497185021883
-0.4312388660433871
0.31556318910947745
0.5714078048395111
-0.8967596672691229
0.1598425954044406
-0.5262210768800327
0.8468515439013925
-0.8241996236072151
0.09963113059689807
0.373052976264512
0.9000762117073594
-0.6846990610666287
-0.10250670969652581
0.9364608077287109
-0.8311412646777018
-0.9985512240398494
-0.5205934001315198
-0.021440411273777778
-0.21812318630595248
-0.1213270415893564
0.9403312407870652
-0.21004919686174708
0.7007530417438612
0.14335727029749837
0.9941891859241057
-0.5314115643773241
0.9199598264904926
0.07281667229059349
0.6357077229348044
-0.1704235401498714
0.2855749847751967
-0.45897701826344833
0.002175072908083544
-0.20672919951787647
-0.8288506987400467
0.5040541965494678
-0.1634191120244123
0.05820926589282874
0.3598207073187552
-0.5682870557240265
-0.3128533721079897
0.8373314277020947
0.7112950541467497
-0.5504549806923291
0.017561721086283677
-0.3622833642418474
0.8050365773936168
0.791481580699673
0.44234385441040935
-0.2553394134233803
-0.45537098723816116
0.7995203823559195
0.35547502375205786
-0.3767305543620849
0.203609534386275
-0.7173748364133513
0.45947471428460274
0.06868894828080781
-0.4361311701948331
-0.6575214335005664
0.5015182662033477
0.6241755373246894
-0.07561471668904413
-0.1743608732824305
0.36328469070859754
0.4976160676063401
-0.2953734657250685
0.7593388143106703
0.7580985313100708
0.4917056266189938
0.1885879162899259
-0.14800629977171226
0.2110181069375171
-0.8685784419550762
0.8990952283678701
-0.4553616188099993
-0.3657640157235549
0.9075886288394998
-0.1450594170970944
-0.27006989543467225
-0.004707188257187023
0.48035224156797307
-0.6888443388416251
-0.07913311409424525
-0.3984791690626339
0.7812238954986066
-1.002181070981735
-0.15141468365571806
-0.5507232096135902
0.18696479794696735
0.6022316420629185
0.7058567948996243
-0.5100210264054189
-0.3770811699156236
0.40419136106958503
-0.06883203930263626
0.20357521567058062
-0.5397060137126583
0.593699753588188
0.010845531237356999
-0.16687232317827122
0.06616765100348629
0.8937970443164798
0.9478407503646136
-0.8013310017326013
0.40405013817943114
-0.7640941013908614
0.7785024639786476
-0.7400902660483917
0.9051597653737914
0.5855119523858368
0.7399117156643463
-0.8157231720747405
-0.08316914067430935
-0.5846844223898481
-0.09713859924629467
0.09234097071999624
-0.5941542894665557
-0.7514388126011565
-0.109368033556403
-0.7162585744762803
-1.009208323775218
0.6461346735370689
0.08632758985728588
-0.714559469690102
0.9925204812181461
0.4899873782401129
0.5923601651220134
0.7581201354610795
-0.29331610103294237
-0.9592355484824625
-0.02067014498145297
-0.07808663626497488
-0.6748420454773323
0.296678343217035
-0.14573437572869255
-0.19290720458891547
0.16880744914631846
0.9800808473401866
-0.18204315067818821
0.33474009289243806
0.3123795944253034
0.19882395427675106
0.07934643272721754
0.5644421199788509
0.3957979062754113
0.5405050886620841
0.7590316659456622
0.5166419482658366
-0.3536024112822943
-0.18762796603367451
0.20251498132954499
0.3513956386876179
-0.823136495244962
-0.43589492439042615
-0.3143286929328184
-0.6569327809648894
-0.2165520545019369
0.08694240879000835
0.9150493654682953
-0.9198774292007187
0.9478643903539274
-0.5185321871745385
0.6818606453926392
-0.7558389244623481
0.26478815898917046
0.8981472692025734
0.8837152865821554
-0.4650901931990184
-0.5897121792553555
0.9226802885224605
0.09307110749000924
0.09864453169368513
-0.7021741080301449
-0.09831927124044826
0.9570765937150989
-1.0182868658615363
-0.544868795860401
0.7737718503882285
-0.5602408388791599
0.28816737584541585
0.05338617901335765
-0.6116241237363861
-0.9376891312838762
-0.32485783252129863
0.9531490872827542
-0.6916567676536617
0.17393989162183426
0.8450755669503789
0.25641174577609677
0.11918535889763267
-0.199102379395274
0.23023410585263504
0.1163491460943579
0.8228142296359129
0.41676182489604224
0.9069468269090736
-0.679179621846428
-0.11225630094364895
-0.11575629183647008
0.6547575667182169
0.19740925304954593
-0.2131720729056079
-0.8272177341362763
-0.5141081375130616
0.5155449178758144
-0.20810194059090015
-0.4961450275172688
-0.48021178307763845
0.2513414805919458
0.2791930567702835
0.9878270984623013
-0.09492607720316536
-0.7720335351374469
0.11700000403100547
0.27960131370019603
-0.23024662801969717
-0.08704223584952682
-0.3619281685052825
0.4133907093755339
-0.025773102443679044
0.2391772583892758
-0.5781463912720782
-0.3995103844952915
-0.6689062134254203
0.48835193689092643
-0.06837321401427643
0.7210369871525477
0.023084150928066063
0.7123468268457114
0.813838510339307
0.34435271737359585
0.8607951057305105
0.7246562119348595
-0.8558492395028056
0.05895967301555296
0.44131600425250767
-0.4834310849579564
0.5765605140537473
0.18798813598957553
-0.9723180744698826
-0.2750265968104222
-0.3637042777316865
0.9788501569105091
-0.6348063277201202
-0.7999918888943159
0.9430165028743079
0.6649351045304019
0.32177678520281694
0.8670799915233844
0.21092560892470513
0.36509310596790323
-0.13786849035346938
0.075061367796077
0.9356303725438062
-0.6778130902192723
0.3216207177850948
0.28139988825023277
-0.2757845406972991
-0.4611299830570835
-0.08542649881295714
0.01999390172756826
-0.40873140666212676
0.3275266246896628
-0.7536721282382371
0.2211946967192985
-0.38686568917459546
0.38358635015595816
0.12725917470912843
-0.6418203407284605
0.7484403074254967
-0.3169002055540244
-0.29632042569373124
0.18613124519705462
-0.717932947547605
-0.8113642019192698
-0.9643705665435685
0.3108071927738992
-0.13168165721105612
-0.8408940940659665
0.34697498416418115
0.23890364910442732
-0.48386397313446583
0.3006421801320783
0.28690103338959305
-0.9119606957319399
-0.16408458987378802
-0.20607537054247807
0.8807964215155496
0.7249236721178375
-0.19954187187696468
0.7258748480611323
-0.9175202486775089
0.05103516011179818
0.9122183883578154
-0.5748036860361618
0.33803594359356093
-0.14024306636364087
-0.09331632350482295
0.6927748187273074
-0.45549648395702486
0.8070397970892422
-0.7680116326835978
0.8597875036312368
-0.29713515991594797
-0.5286191521935226
0.15908135023588676
-0.45579802348276255
0.37051642444420907
0.08024904279898404
-0.9245446171291993
-0.30989238432635874
0.8352506635462599
-0.307968994306373
0.385904281931331
-0.6964942023428075
-0.08512445516980052
0.312984909542214
0.049281443967415565
-0.3056977838771645
0.15517298417093875
-0.8198956425929138
-0.8808201992122261
0.0012315573760578243
0.9987948856229688
0.6027818570315079
0.9244652677471714
0.9601284514583437
-0.7567125638665229
-0.48484212611955324
-0.7530215817865049
-0.7604238189302915
0.29148132147972056
-0.06691191700887146
0.8469302100899061
0.20448438665167798
-0.6191242379621615
-0.7376017169829896
-0.35052337093326014
-0.03866100984312857
-0.5650161186799634
-0.7919342918952328
0.6070413226733223
-0.9404800930383003
0.9669375445195512
-0.8735481816092031
-0.10877656345429935
-0.389564667815554
0.7046932740175039
0.30057293518965195
0.49156918161225865
-0.88878035399726
0.1706387656845491
-0.2088362391529228
0.5208896225559304
-0.9048236048648546
-0.00430469475044442
-0.15439964947030774
-0.7623465873796744
-0.47103176170654804
-0.4847048424171724
0.39347939578227564
-0.46443202279347967
-0.5690701092764946
-0.986158758085719
-0.4752269066044362
-0.19916327937682515
-0.13115011788629785
0.9633192845909907
0.8927250655032136
0.5114321645825574
-0.5598464613222003
0.09175140319596202
0.5153431517481744
0.7686634820738669
-0.9373558521631028
0.25327737375795467
1.0078370092127231
0.41302061011597546
0.40712591891476707
-0.5353854985959122
-0.7327363507573715
-0.9505229577037715
-0.1236094628177325
0.5089549736330381
-0.7587923505429438
-0.4734712241495518
-0.6789468843246426
0.5411314252695758
0.1699630111278542
-0.4561467988793418
-0.7190173140367879
-0.8203226216085588
-0.1853571870885418
-0.22348626850235434
0.40652722744801584
0.7730780686662587
0.19809597038606747
-0.48892121803888866
0.47100848316086735
0.06332186102864312
-0.6081332867460054
0.7144264135639942
0.8021462219474484
0.012325565406559266
0.26317169773126947
0.14784821535974219
-0.606590718564657
0.03500562834533408
0.9171194938171804
0.5161927327678616
0.036988540070800616
-0.01264121633988535
-0.08084926563192463
-0.5573531244814782
-0.10152997930447058
0.35005827322687155
0.5457155087648055
0.1367343526776483
0.47282551772214587
-0.5733533604501442
0.6269822212774758
-0.39066781265876827
0.374222130067868
0.6993281699263828
0.4387391704304565
0.0009154557657277577
-0.6910508347901441
0.468030408415486
-0.6134304421207442
0.10812344358360758
-0.06126598136915491
-0.10074897292023413
-0.3102008636991213
0.3310741605415799
-0.9607876313182431
0.8252339477831077
-0.8591347194891045
0.6128990315552968
-0.21633893012397748
-0.5651405399305166
0.6922401024509819
0.3735808128660084
0.3025495044335568
-0.49780120767177943
-0.4201239407493797
0.7904915789416268
-0.6410848489135483
0.2721414411629301
0.5635824085721173
-0.38040104024358545
0.7353130408208474
0.491378818735402
0.2467437414255827
0.5444023990523965
0.6758688656868247
0.9522880853609148
0.5655612685427581
-0.29298481540622456
0.8144870069215071
0.5387812841865527
0.058617351417513064
-0.9680100673397072
0.4670182619169786
0.9548112008160834
-0.6977867663840809
-0.04147513685749002
0.25775272024113927
-0.7470624511936539
-0.9523996109664875
0.2320110959776733
-0.9307913857918573
0.9792679711339521
0.6738062369070229
-0.09706833976273059
0.7655513575397984
0.34883817322135524
-0.8453566132990232
-0.5983353140459196
-0.8769165809824715
0.6815046885488811
-0.5647605126048875
0.6312703323750746
-0.5318473976888369
-0.0590918611197173
0.5718235635303595
0.7288206752764151
0.11693150576109654
-0.13331239768924905
0.5327034170293115
-0.47191625055386904
0.1869082808198082
-0.22271349827071416
-0.8836371470474507
0.484830773493886
-0.4759192651286912
0.7565737217102072
0.35206281968540176
0.8262615503958861
-0.50555302204598
-0.42498507618510795
0.9048968547738792
0.7435418638270537
-0.08904968219746501
0.5466770962025524
0.8119716455740023
-0.9623126019013429
-0.11136358923640587
0.39120181172110635
0.07440054751573359
0.27287529491962287
0.19070398250088105
0.600538547367525
0.19064112516734352
-0.5788498658935038
0.7440271399887263
-0.5845315337138963
-0.7347760567056464
-0.14389377248199123
-0.6786200402604395
-0.6632090373730084
0.8190349806798406
-0.1024777709888625
0.6747756367547834
0.8308199613885374
-0.039488985058250124
-0.5578839853112257
0.8016076241254299
0.8847693056621164
-0.47699904695037737
0.7972110502784406
0.5120325090289743
0.8174294429984305
-0.8182407635635277
-0.655067417604554
0.2507195601824483
0.7855199450495689
-0.4795553927076474
-0.35256472797126065
-0.6432054217009637
-0.11209472723652382
-0.9576829351310319
-0.4433759542168103
0.0669298682226082
-0.8737347264761322
-0.36328565403483953
0.8914873465069297
0.19722481501838168
-0.34707288348537174
-0.7779652461921372
-0.014183633130594779
0.9023991890611136
-0.2885091882247265
-0.6944661424041502
0.04351284027337952
0.8349559690907162
0.36897412644739286
-0.9943206049829789
-0.939312997063414
0.7972641598198965
-0.24092542525389124
-0.6915126373553493
-0.6772924548219338
-0.0570576761257311
0.8033017336245676
-0.8257301622549672
0.30410777731314714
0.37768793769054765
0.7895413292196051
0.06347139434173096
-0.6113590904238705
-0.44941961003009173
0.21149216642347382
-0.6200952862578059
0.20655940321512697
-0.13852525221720008
-0.3398830737696024
0.1190625399951621
0.5095130481425152
-0.026067058343052497
0.5166584384035483
-0.5966158061527304
-0.9126375923254284
-0.7615071093191336
-0.3585838369152966
0.10130931723358019
-0.9377744332035742
0.32157049218286926
-0.9647728992817592
-0.02089223697066871
-0.568970766619614
-0.44940421035447975
0.9892207190576794
-0.685457844754897
0.7636092794088408
0.815145008455822
0.610397269422462
-0.3372290940813118
0.5554072982761326
-0.8183469292851087
-0.9833567184082598
0.07102837703065712
0.06535520287782451
0.503997934272175
0.6768831206923908
0.6466758443803327
0.8104652731614416
-0.8442009946106498
-0.20415784375697257
0.47585874730558214
0.9031904972639846
-0.25185095168659455
0.9831716694633831
0.33857557194204846
-0.7996995606291702
-0.5824072474434436
-0.12082534114394808
-0.7903030420760682
-0.8579404282090891
-0.8178945511203334
0.48612199299505415
0.7957278867914849
0.09608850020595815
-0.23452739785240986
-0.5630855400044628
-0.32826960317445997
0.7544395526825158
-0.9538042731487292
-0.7450922502308801
-0.29553422899923787
0.8762524058631918
0.3767018552195793
-0.8539501638728709
-0.28338062643789214
-0.7129413219137212
-0.9160804661675922
-0.6699901867427315
0.47363144670575724
0.005354186582200493
0.38926457520835356
-0.004163301035642288
-0.4185502713551279
-0.5164025918662669
-0.6094025629896552
0.8747070050834065
-0.3952274495040426
0.2494666597563151
0.769038865455299
-0.9628616896765825
0.6691387007592599
0.8312108164346572
0.1897978063315449
0.44164227933383443
-0.5568258713249044
0.867756063972017
-0.26580883289515034
0.21583502838574697
-0.3287602835265829
-0.7424188694811414
-0.8871224628368197
-0.9439586013683172
-0.05928048111020017
-0.42725804687384605
-0.6082539536767869
0.27671040513289724
0.14728519954143518
0.0680295972318219
-0.08902330944460858
0.8831674733271412
0.5192456532353368
0.727098296520784
0.7900227997794921
0.2790762955319063
0.20496846750980655
0.4615012364249751
0.25992208749360535
-0.8682214761459731
0.48081874234853456
-0.7041998979049438
0.8287519963653267
-0.3147899463729164
-0.8158210002414328
0.140298580611685
-0.24050273929560284
0.48648188991728697
0.10035146091641878
0.6619289927884193
0.5082537193735452
0.39455153983484115
-0.45837148364167646
0.2774671122571558
0.7296998877837853
0.2783800682576161
-0.38182011737170823
0.6458640262077221
-0.7934215189235497
0.3539999032784186
0.4233966973676734
-0.26587094778219905
0.7669423311211278
0.5819839555361227
-0.1911915280063398
-0.419491081901497
0.48638195287594177
0.337208481572344
0.9289538004382043
-0.0724547305543553
1.0465612538556432
0.9323199313007561
0.36760999072444306
-0.6405617047566624
-0.6632741629468939
0.3128801773664933
-0.6242409615533905
0.27868943948690617
0.37715136452449943
0.6723357086000978
0.04381939524834707
0.7789481777195397
0.7764094514908934
0.5301842651952801
-0.6292731880132492
-0.5244793330625558
0.9718479323578179
0.2436723411902778
0.5033368348722157
-0.7820889472825697
1.0378687533626205
-0.42708903057146475
0.7794529745593614
0.15078661352133818
-0.5110129845930538
1.0672523761160186
0.19165881016668937
1.081574584825427
0.26993683427851384
-0.32468638186066734
1.2727438453065933
0.3199156001613196
-0.47151670930971346
-0.29057797411978364
0.8329249569312643
0.14868537558786957
0.3100343864328197
-0.5088018074261191
0.9219807571188471
-0.8580372407578631
-0.14206467827429603
-0.8265550921688971
-0.15877016745641834
-0.7931254470657269
0.9318079177492016
0.04763784031375169
-0.618584099145098
0.5395872947808205
0.22975646850159998
-0.7207126609402363
1.1923639785380478
-0.1830346250909404
-0.05281813938319942
0.38166599615789004
-0.10276577577958632
0.39768787832994873
0.3594978619148692
0.6636656229457643
0.7957748133950264
-0.46976138900022957
-0.18357486967975797
0.6210110197339236
0.2690370277436771
-0.43567357697742
0.16344652577191696
-0.17210529187560206
-0.4171380579975109
-0.5931177935640817
0.1470640928382679
-0.47495028682639717
0.3659676829120754
0.38122583621405565
-0.5065220827019399
0.790187599152841
-0.15794074616677017
-0.06090552007247981
-0.2580854246857656
0.1639897413776291
-0.3673155579251701
0.5191575928042884
-0.5103548166715167
0.22388270840428284
0.44414852703059876
0.16992838529378676
0.2316562044272655
0.7983151985340862
0.05379953068895545
0.30714313696586265
-0.14296013046388428
-0.8281948510922824
0.38478456888986723
0.04030222954143513
-0.7031905906527328
-0.6712899937336326
0.7721210326626189
-0.3625163316239754
0.9040338197695005
0.10584475938886793
-0.3082847149220887
-0.5591416166313137
-0.8723902533907819
-0.9249402368774171
-0.7215071018997988
-0.8436897299749044
-0.698432323577825
-0.5409506776737311
-0.4964453020316576
0.941623820060288
0.46106409604730675
-0.7274075386803912
0.018537974762857682
0.11183260207625173
0.7501808882009827
-0.008354211155741096
-0.7758412299082176
0.07809147527970017
0.10269985011387436
0.4750037991590167
-0.08247539354879575
0.8568082109614724
0.20783639059883047
-0.8065209201176691
0.5590852722862513
0.25974374516255255
-0.3770635784723528
0.7590276420622902
0.1624118795183812
-0.7036227821996052
0.2714821082745321
0.10791945270542984
0.8930435258723438
-0.051916826130554705
0.9419064811529214
-0.4503262269157819
-0.4409408141689658
-0.6068603641526641
0.2866188331149087
-0.6593539020370791
0.13556277653239904
0.2522980313966452
-0.14948498276112535
-0.0009105119832131966
0.23721037750128857
0.2858666240861886
0.15509915583615405
-0.7577585162931727
-0.7492414681714654
0.22773721895516197
0.29110873709532786
0.49232924235497605
-0.5472526183895003
0.5657704083864245
0.17823179021560598
0.08638820747687338
-0.07921071275065444
-0.6411433986990956
-0.34019754503912075
-0.43842382972455385
-0.7571449927651536
0.8821097931231765
-0.8858062433207204
-0.24826307827725952
-0.46307482026449154
-0.316842411403005
0.7644508853472575
-1.1927056829391713
-0.6641255136948936
0.31571385902022253
-0.7978506394109613
-0.9517447707513761
0.3154821157784228
0.489801424920024
0.31629176318359536
0.05601269396170077
0.40677378886671384
-0.39349973821313466
0.3541980634346719
-0.403615360012775
0.6639376071119407
0.1338782615957866
-0.9809594884052344
-0.3595303823882299
-0.944809951496867
0.6680328263718313
0.4897935269122963
0.787136939546497
0.5765002218563299
-0.07024292112916351
-0.15170751097434848
-0.022285737577491332
-1.0571864555474684
-1.0013375776303364
-1.1051894114419643
-1.2320616014706456
-0.08447140464274412
-0.7838916846929921
0.0038943421863424517
-0.7671603188901368
0.7150167324090858
0.9276251324990167
-0.22308746904371157
-0.7589609634174992
0.33982137117323635
-0.3338721389506886
0.5414991162899131
-0.15122705484902013
-0.3347670147291776
0.3300058696766317
0.9467008136286202
-0.30557816719074127
0.28404478858402266
0.9693567451200485
0.6701916898035635
-0.4608863208697671
-0.47293718797106027
-0.7140725166706713
-0.20528046519525758
-0.36210769723825315
-0.7643709645867336
-0.3626830625785573
-1.3409153397343379
0.5817083888345497
-1.512562710521057
-1.2411276115006842
-0.44518517019895926
0.4407862244100779
-0.6864828928388093
-0.7768126214350988
-0.9006957761774154
0.7230239685302295
0.4108321455160708
0.41923160031617784
-0.7631456630198684
-0.3208644515199285
0.858024105929658
-0.4436093014995476
-0.8171277638930414
-0.3030656923018572
-0.4429241894392824
-0.9403504698941311
-0.047341080598526375
0.6851232688462927
0.3085250924228827
-0.16828506675150467
-0.7336861159579753
0.609604367490229
-0.34632951800641576
-1.2221504180262754
0.2300714615123772
-0.2887954746166821
0.18915189763272883
-0.825171820071191
0.7111523188139975
-0.17107293063297957
0.3539216497471859
0.7460208518741422
0.6594274757579526
-0.01633480341927227
-0.9700762339525649
-0.007305353420261195
-0.3902823226582262
-0.9507865441869516
0.9265196758765597
-0.03303790264611364
0.031009844999932208
-0.9212516766320132
-0.9319198785213587
0.19700161199205066
0.0027397141360474583
-0.28831589671009783
0.21005272973053865
-0.902681540630613
0.025838517305825412
-0.9016449602577731
0.7819205469357164
-0.6203265201429011
0.42235917914881493
0.7575527200094947
-0.41899066114943345
-0.8456068517455481
-0.8698227270889315
0.5098769867827805
-1.0617554733340855
-0.37759946509751624
-0.8192047308154575
0.7227267397674211
0.33596879877043967
-1.0446556157618974
0.3989882139221516
0.2599532800641611
-0.7328940607854497
-0.6967969916344503
-0.6423565750100874
-0.6999876918060992
-0.26186295417870015
-0.9190103626211995
-0.19019173642226747
-0.9498382007933894
0.6222861513526775
-0.4725721120495145
-0.13021453109778652
-0.06945629618621398
0.5792761278474935
0.5504489341537183
-0.8665029610730187
0.5297133058395268
1.0405986571556978
-0.5748666604860297
0.2214951588946979
0.8341526863121512
0.04999501122505242
-0.07798680750938224
-0.6280659923962708
0.3571189961271415
-0.7547541702716063
0.805664677156026
-0.27006619119772035
-0.10600082373007208
0.5947139186149827
-0.3736538150593371
-0.1565513914774605
-0.3844245128810298
-0.739593630987461
-0.08311393738388365
-0.7077629305817752
0.4312062859420932
0.7849325286898737
-0.31603660965331076
0.5241502208469354
-0.37387967611062045
-0.21017737122468172
0.06770621152239423
0.28743594581750787
0.2881345888265302
0.10346982946203614
0.9924588803483869
-0.2857674703222228
-0.200509806283897
0.571726240489214
-0.3645177004638637
-0.5566148673874424
-0.28743028763712514
-0.7516643093568929
-0.33904121473401766
0.10799566187703244
-0.05096056665358236
0.34132625254521876
-0.0918572457672697
0.848134083222597
-0.10739468437183466
-0.9514033733345748
0.2888375019936769
-0.7967172359047866
-0.3482790721981244
0.4669117342965901
0.5877229587677771
-0.05604776464571997
0.7571204126947255
1.0166943152373933
0.012266284337481476
-0.36737511615105234
1.0148322013950382
-0.1676960485399696
-0.12879221587480735
-0.26969403582019613
0.808139563680942
-0.21869609867452533
0.6027009401450872
-0.12224684003714292
-0.6583003964893624
0.07575284916244596
0.30367611107699816
0.7953884268191056
-0.6469647683105356
-0.4965453428370332
0.3826443594986792
0.5683703856246033
-0.5365786966629246
-0.037214423567685125
-0.8738776141257203
-0.4186927947641506
-0.9622506879342264
-0.46636793230924833
0.29930462630139204
0.8838066239644088
0.31898720976168077
-0.3399467566518305
0.24675350129993806
0.12927088981775767
0.46706001923195534
-0.2133177590193577
0.7003302506704828
1.1366317564071837
-0.07639793103335314
-0.15052784588644064
-0.13560938794366792
0.15285722923965914
-0.6143617581735367
0.4397842965156412
0.941796866535318
0.23729806993193198
0.19600762679281147
0.930193081298635
-0.5381733882909285
0.7908977381212137
-0.7520715803425786
0.6483989359883316
-0.7778607016231284
-0.3981031542470307
0.6129127220167763
-0.2720423340657128
-0.6900282770852453
1.144618678747745
0.6592229632755708
0.08888117562302439
0.22700064682135673
0.9565064350954411
0.8207199669030998
1.0111919508630496
0.7637784407675947
-0.42297493558588317
-0.15174401305957141
0.4619290103799084
-0.640954224166773
0.24541911437572322
0.8809700782019726
0.28697004641625495
-0.520568856967538
0.8703479027816569
0.05260844063706269
0.01030123107770038
0.26944959624143716
-0.28018366072550505
-0.010452960940233711
0.28176752535212396
-0.8170787827099663
-0.9464887699347041
0.44682196797741053
0.6640346119529957
1.0804173069188467
0.16703927344764274
0.5222997246830432
0.4984534144541225
0.7456023413295279
0.5690372283368602
-0.37080997409231703
0.9788875557852005
0.505368256038986
-0.3962263041300109
-0.24276725321761855
-0.3399823549493036
0.6660418154335246
-0.11168454031167373
0.2638288045637191
-0.39116657396538235
0.19321673555350974
0.3240668259050433
-0.44612416625888024
1.0931703420377807
-0.7373192571731585
-0.3958758463711799
-0.8425411852726115
-0.5002158862107299
-0.9556392719641098
0.7145451663419866
-0.6360150635798871
0.0136881145476502
-0.8255015447408313
-0.3219696301520785
0.020679636577294023
0.3343644115712913
0.8717063807198923
-0.29197170271958856
-0.6324745718465307
-0.4248490494677938
0.6034068722380502
-0.00042750322360472006
-0.3620092712481688
-0.49520652162511114
-0.27995614510016614
0.32431407559972764
0.8321400989847353
0.7178961150144081
0.01367050233949208
0.3577273318264646
0.7495704596692659
0.45415738269022626
-0.5524559062381732
0.31479044208442003
-0.3856029840216047
0.4854805281537464
0.17867305098952782
0.14296303618641076
0.17045176466233197
0.6600414306869586
0.321385451070719
-0.2274378527917179
-0.7960559552766593
-0.30077734104211196
-0.6370555613313086
-0.3693165145085652
-0.20761215433102356
-0.15680433889527806
-0.8727507649354488
0.2348171865896315
0.45970628626534055
0.7353986614067255
0.7005412508284652
0.776988539840696
-0.04097944987106732
-0.25018505591511353
0.8310148486303737
0.5435744563255437
-0.22149153936204058
0.4061945355427395
-0.5951397678371981
-0.5154241832057045
-0.9299281991491837
0.5242039592119162
-0.2776875958771923
-0.4643747140772579
0.5057251829260855
0.4253021547468781
-0.5683872397501104
0.0851615798269663
-0.24666497325055137
-0.7277529238269937
0.9392773467249435
0.23798514896715034
0.016795664749757404
0.20115582046775415
-0.28765266461324035
0.12373252797909029
-1.0450377522951002
-0.16914993962269187
-0.5731974170010367
-0.6631602888437942
-0.20479747091751227
1.026333014113078
-0.41534572866373126
-0.10290112432492547
-0.27104228215158427
0.20472688605715242
0.2592729576292864
0.07512240497264
-0.17585645727682792
0.5737829910671348
-0.630556370735808
0.662383598873383
-0.41427903932371135
-0.6723805700723022
0.09971995275783203
0.5057339711313917
0.7755069580775782
0.09539506607818006
0.22721513282875394
-0.7537692423063662
-0.35387515676592585
0.022156226247400806
0.28143680020482276
-0.1859105345145397
-0.09211057463656105
0.08795282722041528
0.5500002369810026
0.6043767276540267
-0.42329911015798516
-0.04871111758191873
-0.46095670645807235
-0.19299680159722046
0.40438212591239453
-0.6682370926861352
0.8456083973175869
0.34322360269945434
0.19054431619408557
0.1945488124733624
-0.2882413605329795
0.24564978463530862
0.4696014639107893
-0.3802390507819469
0.8872546864771965
-0.5686421843609532
-0.7536037121072442
0.6121183960194271
-1.04688382644355
-0.45833828096642565
0.2040764863607689
-0.48587279768970304
-0.04782200293747091
-0.2129433251621154
0.5515050268214229
-0.022385207161178998
0.35966353716055577
-0.14093814214148973
-0.6146149280221719
-0.5373824449456007
0.5662050423654451
-0.9620226600566059
-0.4656920772506874
-0.2515992091446244
0.21062821809108723
-0.5368396673140408
-0.7635632469337332
0.3965654427924631
-0.042628170668703204
0.7199208435806526
-0.9864729646956135
0.8285107063856976
0.344142269133897
0.7557124910561901
0.6861649836134323
-0.9108697603052884
-0.9725881062049025
0.8185058383053435
0.6426317849877519
0.2726321484193938
0.619339210292229
0.7294250731516533
-0.8054414336404231
0.6324302796448105
-0.3784729972457296
-0.6622468910202114
0.47525234930965804
-0.5044892231299598
0.4227602530734047
-0.06061990925953346
-0.17309681854598602
-0.06756364444355933
0.5783560495875816
0.2536749302047094
0.5600241016979653
-0.9509441144687278
-0.8510320678553939
-0.8145425913501082
-0.3353788183867431
-0.22445805297738225
0.11111397333868855
-0.8153717055896831
0.7156483804949962
-0.3211726313761198
-0.9840168562720367
0.829365902682055
0.7997439820544977
-0.06485285349811917
0.8512266542803792
-0.3112753136465909
-0.7678585518544456
0.9390636370082275
0.817970245795017
-0.1588441676821228
0.6533046814301225
0.8851298572284677
-0.4908638161776807
-0.008018917050208638
-0.24161712410666517
-0.9974287500480766
-0.14284878254263128
-0.8405520847321705
0.6984600074444716
