0.3495666666666667
0.40481666666666666
0.44871666666666665
0.4890833333333333
0.5130666666666667
0.5292666666666667
0.5404666666666667
0.5507166666666666
0.55855
0.5645166666666667
0.57095
0.5781333333333334
0.5840166666666666
0.5886
0.59355
0.5971666666666666
0.6008333333333333
0.6044
0.6084833333333334
0.61225
0.6144333333333334
0.6168666666666667
0.61845
0.6215666666666667
0.6240333333333333
0.6269333333333333
0.6297666666666667
0.6318333333333334
0.6345333333333333
0.6362166666666667
0.6387666666666667
0.63995
0.6417333333333334
0.64375
0.64585
0.6475
0.6498166666666667
0.652
0.6536833333333333
0.65515
0.65645
0.6575166666666666
0.6590666666666667
0.66075
0.6617166666666666
0.6629166666666667
0.66425
0.66525
0.6660333333333334
0.6675333333333333
0.6685166666666666
0.6692333333333333
0.67045
0.6721333333333334
0.6731166666666667
0.6741833333333334
0.6752333333333334
0.67615
0.6765833333333333
0.6783666666666667
0.6508
0.6580333333333334
0.66
0.6630666666666667
0.6740666666666667
0.66515
0.6669166666666667
0.6764166666666667
0.6708333333333333
0.6728833333333334
0.6740333333333334
0.6771333333333334
0.67475
0.6772833333333333
0.6839833333333334
0.6753166666666667
0.6793666666666667
0.6844833333333333
0.6794166666666667
0.6864666666666667
0.6809333333333333
0.6904166666666667
0.67885
0.6922166666666667
0.6818666666666666
0.6837333333333333
0.6933
0.6817166666666666
0.6955
0.6803
0.6860166666666667
0.6885166666666667
0.6832
0.6870166666666667
0.68595
0.68695
0.68445
0.6877833333333333
0.6826333333333333
0.6852833333333334
