0.29738333333333333
0.3908
0.44075
0.46823333333333333
0.4908
0.5090666666666667
0.5235833333333333
0.53625
0.54675
0.5574
0.5666
0.5755833333333333
0.5838333333333333
0.59165
0.5986833333333333
0.6059166666666667
0.6110666666666666
0.6160333333333333
0.62175
0.6275333333333334
0.6320666666666667
0.6345166666666666
0.6374833333333333
0.6410333333333333
0.6441
0.6434333333333333
0.6449333333333334
0.6471
0.6483166666666667
0.6507833333333334
0.6510333333333334
0.6518
0.6536
0.6538666666666667
0.6549666666666667
0.6556833333333333
0.6555833333333333
0.6561166666666667
0.65785
0.6569333333333334
0.6599333333333334
0.6579333333333334
0.6567
0.6638666666666667
0.6626666666666666
0.6656333333333333
0.65785
0.6601166666666667
0.6667333333333333
0.67265
0.6629166666666667
0.64705
0.6679333333333334
0.64815
0.6424833333333333
0.6567666666666667
0.6521333333333333
0.65035
0.6643666666666667
0.6516
0.6669833333333334
0.6607666666666666
0.6556666666666666
0.6516833333333333
0.6663666666666667
0.65845
0.6660833333333334
0.6627333333333333
0.6519666666666667
0.6448666666666667
0.65135
0.6675
0.6480666666666667
0.6627333333333333
0.6673166666666667
0.6616833333333333
0.6509833333333334
0.6551833333333333
0.64165
0.6446
0.6497666666666667
0.64905
0.6468833333333334
0.6680333333333334
0.6539333333333334
0.6487166666666667
0.6517166666666667
0.6586
0.6526166666666666
0.6659
0.6522333333333333
0.6493833333333333
0.6629666666666667
0.6867666666666666
0.6615
0.65665
0.6833166666666667
0.6629666666666667
0.65945
0.6579166666666667
